0.000000000e+00,0,0
3.924407471e+01,0,0
7.833327098e+01,0,0
1.171133216e+02,0,0
1.554311795e+02,0,0
1.931356215e+02,0,0
2.300778454e+02,0,0
2.661120572e+02,0,0
3.010960463e+02,0,0
3.348917469e+02,0,0
3.673657827e+02,0,0
3.983899936e+02,0,0
4.278419412e+02,0,0
4.556053921e+02,0,0
4.815707767e+02,0,0
5.056356215e+02,0,0
5.277049534e+02,0,0
5.476916750e+02,0,0
5.655169078e+02,0,0
5.811103037e+02,0,0
5.944103227e+02,0,0
6.053644757e+02,0,0
6.139295317e+02,0,0
6.200716883e+02,0,0
6.237667053e+02,0,0
6.250000000e+02,0,0
6.237667053e+02,0,0
6.200716883e+02,0,0
6.139295317e+02,0,0
6.053644757e+02,0,0
5.944103227e+02,0,0
5.811103037e+02,0,0
5.655169078e+02,0,0
5.476916750e+02,0,0
5.277049534e+02,0,0
5.056356215e+02,0,0
4.815707767e+02,0,0
4.556053921e+02,0,0
4.278419412e+02,0,0
3.983899936e+02,0,0
3.673657827e+02,0,0
3.348917469e+02,0,0
3.010960463e+02,0,0
2.661120572e+02,0,0
2.300778454e+02,0,0
1.931356215e+02,0,0
1.554311795e+02,0,0
1.171133216e+02,0,0
7.833327098e+01,0,0
3.924407471e+01,0,0
7.654042495e-14,0,0
-3.924407471e+01,0,0
-7.833327098e+01,0,0
-1.171133216e+02,0,0
-1.554311795e+02,0,0
-1.931356215e+02,0,0
-2.300778454e+02,0,0
-2.661120572e+02,0,0
-3.010960463e+02,0,0
-3.348917469e+02,0,0
-3.673657827e+02,0,0
-3.983899936e+02,0,0
-4.278419412e+02,0,0
-4.556053921e+02,0,0
-4.815707767e+02,0,0
-5.056356215e+02,0,0
-5.277049534e+02,0,0
-5.476916750e+02,0,0
-5.655169078e+02,0,0
-5.811103037e+02,0,0
-5.944103227e+02,0,0
-6.053644757e+02,0,0
-6.139295317e+02,0,0
-6.200716883e+02,0,0
-6.237667053e+02,0,0
-6.250000000e+02,0,0
-6.237667053e+02,0,0
-6.200716883e+02,0,0
-6.139295317e+02,0,0
-6.053644757e+02,0,0
-5.944103227e+02,0,0
-5.811103037e+02,0,0
-5.655169078e+02,0,0
-5.476916750e+02,0,0
-5.277049534e+02,0,0
-5.056356215e+02,0,0
-4.815707767e+02,0,0
-4.556053921e+02,0,0
-4.278419412e+02,0,0
-3.983899936e+02,0,0
-3.673657827e+02,0,0
-3.348917469e+02,0,0
-3.010960463e+02,0,0
-2.661120572e+02,0,0
-2.300778454e+02,0,0
-1.931356215e+02,0,0
-1.554311795e+02,0,0
-1.171133216e+02,0,0
-7.833327098e+01,0,0
-3.924407471e+01,0,0
-1.530808499e-13,0,0
3.924407471e+01,0,0
7.833327098e+01,0,0
1.171133216e+02,0,0
1.554311795e+02,0,0
1.931356215e+02,0,0
2.300778454e+02,0,0
2.661120572e+02,0,0
3.010960463e+02,0,0
3.348917469e+02,0,0
3.673657827e+02,0,0
3.983899936e+02,0,0
4.278419412e+02,0,0
4.556053921e+02,0,0
4.815707767e+02,0,0
5.056356215e+02,0,0
5.277049534e+02,0,0
5.476916750e+02,0,0
5.655169078e+02,0,0
5.811103037e+02,0,0
5.944103227e+02,0,0
6.053644757e+02,0,0
6.139295317e+02,0,0
6.200716883e+02,0,0
6.237667053e+02,0,0
6.250000000e+02,0,0
6.237667053e+02,0,0
6.200716883e+02,0,0
6.139295317e+02,0,0
6.053644757e+02,0,0
5.944103227e+02,0,0
5.811103037e+02,0,0
5.655169078e+02,0,0
5.476916750e+02,0,0
5.277049534e+02,0,0
5.056356215e+02,0,0
4.815707767e+02,0,0
4.556053921e+02,0,0
4.278419412e+02,0,0
3.983899936e+02,0,0
3.673657827e+02,0,0
3.348917469e+02,0,0
3.010960463e+02,0,0
2.661120572e+02,0,0
2.300778454e+02,0,0
1.931356215e+02,0,0
1.554311795e+02,0,0
1.171133216e+02,0,0
7.833327098e+01,0,0
3.924407471e+01,0,0
2.296212748e-13,0,0
-3.924407471e+01,0,0
-7.833327098e+01,0,0
-1.171133216e+02,0,0
-1.554311795e+02,0,0
-1.931356215e+02,0,0
-2.300778454e+02,0,0
-2.661120572e+02,0,0
-3.010960463e+02,0,0
-3.348917469e+02,0,0
-3.673657827e+02,0,0
-3.983899936e+02,0,0
-4.278419412e+02,0,0
-4.556053921e+02,0,0
-4.815707767e+02,0,0
-5.056356215e+02,0,0
-5.277049534e+02,0,0
-5.476916750e+02,0,0
-5.655169078e+02,0,0
-5.811103037e+02,0,0
-5.944103227e+02,0,0
-6.053644757e+02,0,0
-6.139295317e+02,0,0
-6.200716883e+02,0,0
-6.237667053e+02,0,0
-6.250000000e+02,0,0
-6.237667053e+02,0,0
-6.200716883e+02,0,0
-6.139295317e+02,0,0
-6.053644757e+02,0,0
-5.944103227e+02,0,0
-5.811103037e+02,0,0
-5.655169078e+02,0,0
-5.476916750e+02,0,0
-5.277049534e+02,0,0
-5.056356215e+02,0,0
-4.815707767e+02,0,0
-4.556053921e+02,0,0
-4.278419412e+02,0,0
-3.983899936e+02,0,0
-3.673657827e+02,0,0
-3.348917469e+02,0,0
-3.010960463e+02,0,0
-2.661120572e+02,0,0
-2.300778454e+02,0,0
-1.931356215e+02,0,0
-1.554311795e+02,0,0
-1.171133216e+02,0,0
-7.833327098e+01,0,0
-3.924407471e+01,0,0
-3.061616998e-13,0,0
3.924407471e+01,0,0
7.833327098e+01,0,0
1.171133216e+02,0,0
1.554311795e+02,0,0
1.931356215e+02,0,0
2.300778454e+02,0,0
2.661120572e+02,0,0
3.010960463e+02,0,0
3.348917469e+02,0,0
3.673657827e+02,0,0
3.983899936e+02,0,0
4.278419412e+02,0,0
4.556053921e+02,0,0
4.815707767e+02,0,0
5.056356215e+02,0,0
5.277049534e+02,0,0
5.476916750e+02,0,0
5.655169078e+02,0,0
5.811103037e+02,0,0
5.944103227e+02,0,0
6.053644757e+02,0,0
6.139295317e+02,0,0
6.200716883e+02,0,0
6.237667053e+02,0,0
6.250000000e+02,0,0
6.237667053e+02,0,0
6.200716883e+02,0,0
6.139295317e+02,0,0
6.053644757e+02,0,0
5.944103227e+02,0,0
5.811103037e+02,0,0
5.655169078e+02,0,0
5.476916750e+02,0,0
5.277049534e+02,0,0
5.056356215e+02,0,0
4.815707767e+02,0,0
4.556053921e+02,0,0
4.278419412e+02,0,0
3.983899936e+02,0,0
3.673657827e+02,0,0
3.348917469e+02,0,0
3.010960463e+02,0,0
2.661120572e+02,0,0
2.300778454e+02,0,0
1.931356215e+02,0,0
1.554311795e+02,0,0
1.171133216e+02,0,0
7.833327098e+01,0,0
3.924407471e+01,0,0
3.827021247e-13,0,0
-3.924407471e+01,0,0
-7.833327098e+01,0,0
-1.171133216e+02,0,0
-1.554311795e+02,0,0
-1.931356215e+02,0,0
-2.300778454e+02,0,0
-2.661120572e+02,0,0
-3.010960463e+02,0,0
-3.348917469e+02,0,0
-3.673657827e+02,0,0
-3.983899936e+02,0,0
-4.278419412e+02,0,0
-4.556053921e+02,0,0
-4.815707767e+02,0,0
-5.056356215e+02,0,0
-5.277049534e+02,0,0
-5.476916750e+02,0,0
-5.655169078e+02,0,0
-5.811103037e+02,0,0
-5.944103227e+02,0,0
-6.053644757e+02,0,0
-6.139295317e+02,0,0
-6.200716883e+02,0,0
-6.237667053e+02,0,0
-6.250000000e+02,0,0
-6.237667053e+02,0,0
-6.200716883e+02,0,0
-6.139295317e+02,0,0
-6.053644757e+02,0,0
-5.944103227e+02,0,0
-5.811103037e+02,0,0
-5.655169078e+02,0,0
-5.476916750e+02,0,0
-5.277049534e+02,0,0
-5.056356215e+02,0,0
-4.815707767e+02,0,0
-4.556053921e+02,0,0
-4.278419412e+02,0,0
-3.983899936e+02,0,0
-3.673657827e+02,0,0
-3.348917469e+02,0,0
-3.010960463e+02,0,0
-2.661120572e+02,0,0
-2.300778454e+02,0,0
-1.931356215e+02,0,0
-1.554311795e+02,0,0
-1.171133216e+02,0,0
-7.833327098e+01,0,0
-3.924407471e+01,0,0
-4.592425497e-13,0,0
3.924407471e+01,0,0
7.833327098e+01,0,0
1.171133216e+02,0,0
1.554311795e+02,0,0
1.931356215e+02,0,0
2.300778454e+02,0,0
2.661120572e+02,0,0
3.010960463e+02,0,0
3.348917469e+02,0,0
3.673657827e+02,0,0
3.983899936e+02,0,0
4.278419412e+02,0,0
4.556053921e+02,0,0
4.815707767e+02,0,0
5.056356215e+02,0,0
5.277049534e+02,0,0
5.476916750e+02,0,0
5.655169078e+02,0,0
5.811103037e+02,0,0
5.944103227e+02,0,0
6.053644757e+02,0,0
6.139295317e+02,0,0
6.200716883e+02,0,0
6.237667053e+02,0,0
6.250000000e+02,0,0
6.237667053e+02,0,0
6.200716883e+02,0,0
6.139295317e+02,0,0
6.053644757e+02,0,0
5.944103227e+02,0,0
5.811103037e+02,0,0
5.655169078e+02,0,0
5.476916750e+02,0,0
5.277049534e+02,0,0
5.056356215e+02,0,0
4.815707767e+02,0,0
4.556053921e+02,0,0
4.278419412e+02,0,0
3.983899936e+02,0,0
3.673657827e+02,0,0
3.348917469e+02,0,0
3.010960463e+02,0,0
2.661120572e+02,0,0
2.300778454e+02,0,0
1.931356215e+02,0,0
1.554311795e+02,0,0
1.171133216e+02,0,0
7.833327098e+01,0,0
3.924407471e+01,0,0
-1.684663075e-12,0,0
-3.924407471e+01,0,0
-7.833327098e+01,0,0
-1.171133216e+02,0,0
-1.554311795e+02,0,0
-1.931356215e+02,0,0
-2.300778454e+02,0,0
-2.661120572e+02,0,0
-3.010960463e+02,0,0
-3.348917469e+02,0,0
-3.673657827e+02,0,0
-3.983899936e+02,0,0
-4.278419412e+02,0,0
-4.556053921e+02,0,0
-4.815707767e+02,0,0
-5.056356215e+02,0,0
-5.277049534e+02,0,0
-5.476916750e+02,0,0
-5.655169078e+02,0,0
-5.811103037e+02,0,0
-5.944103227e+02,0,0
-6.053644757e+02,0,0
-6.139295317e+02,0,0
-6.200716883e+02,0,0
-6.237667053e+02,0,0
-6.250000000e+02,0,0
-6.237667053e+02,0,0
-6.200716883e+02,0,0
-6.139295317e+02,0,0
-6.053644757e+02,0,0
-5.944103227e+02,0,0
-5.811103037e+02,0,0
-5.655169078e+02,0,0
-5.476916750e+02,0,0
-5.277049534e+02,0,0
-5.056356215e+02,0,0
-4.815707767e+02,0,0
-4.556053921e+02,0,0
-4.278419412e+02,0,0
-3.983899936e+02,0,0
-3.673657827e+02,0,0
-3.348917469e+02,0,0
-3.010960463e+02,0,0
-2.661120572e+02,0,0
-2.300778454e+02,0,0
-1.931356215e+02,0,0
-1.554311795e+02,0,0
-1.171133216e+02,0,0
-7.833327098e+01,0,0
-3.924407471e+01,0,0
-6.123233996e-13,0,0
3.924407471e+01,0,0
7.833327098e+01,0,0
1.171133216e+02,0,0
1.554311795e+02,0,0
1.931356215e+02,0,0
2.300778454e+02,0,0
2.661120572e+02,0,0
3.010960463e+02,0,0
3.348917469e+02,0,0
3.673657827e+02,0,0
3.983899936e+02,0,0
4.278419412e+02,0,0
4.556053921e+02,0,0
4.815707767e+02,0,0
5.056356215e+02,0,0
5.277049534e+02,0,0
5.476916750e+02,0,0
5.655169078e+02,0,0
5.811103037e+02,0,0
5.944103227e+02,0,0
6.053644757e+02,0,0
6.139295317e+02,0,0
6.200716883e+02,0,0
6.237667053e+02,0,0
6.250000000e+02,0,0
6.237667053e+02,0,0
6.200716883e+02,0,0
6.139295317e+02,0,0
6.053644757e+02,0,0
5.944103227e+02,0,0
5.811103037e+02,0,0
5.655169078e+02,0,0
5.476916750e+02,0,0
5.277049534e+02,0,0
5.056356215e+02,0,0
4.815707767e+02,0,0
4.556053921e+02,0,0
4.278419412e+02,0,0
3.983899936e+02,0,0
3.673657827e+02,0,0
3.348917469e+02,0,0
3.010960463e+02,0,0
2.661120572e+02,0,0
2.300778454e+02,0,0
1.931356215e+02,0,0
1.554311795e+02,0,0
1.171133216e+02,0,0
7.833327098e+01,0,0
3.924407471e+01,0,0
6.888638245e-13,0,0
-3.924407471e+01,0,0
-7.833327098e+01,0,0
-1.171133216e+02,0,0
-1.554311795e+02,0,0
-1.931356215e+02,0,0
-2.300778454e+02,0,0
-2.661120572e+02,0,0
-3.010960463e+02,0,0
-3.348917469e+02,0,0
-3.673657827e+02,0,0
-3.983899936e+02,0,0
-4.278419412e+02,0,0
-4.556053921e+02,0,0
-4.815707767e+02,0,0
-5.056356215e+02,0,0
-5.277049534e+02,0,0
-5.476916750e+02,0,0
-5.655169078e+02,0,0
-5.811103037e+02,0,0
-5.944103227e+02,0,0
-6.053644757e+02,0,0
-6.139295317e+02,0,0
-6.200716883e+02,0,0
-6.237667053e+02,0,0
-6.250000000e+02,0,0
-6.237667053e+02,0,0
-6.200716883e+02,0,0
-6.139295317e+02,0,0
-6.053644757e+02,0,0
-5.944103227e+02,0,0
-5.811103037e+02,0,0
-5.655169078e+02,0,0
-5.476916750e+02,0,0
-5.277049534e+02,0,0
-5.056356215e+02,0,0
-4.815707767e+02,0,0
-4.556053921e+02,0,0
-4.278419412e+02,0,0
-3.983899936e+02,0,0
-3.673657827e+02,0,0
-3.348917469e+02,0,0
-3.010960463e+02,0,0
-2.661120572e+02,0,0
-2.300778454e+02,0,0
-1.931356215e+02,0,0
-1.554311795e+02,0,0
-1.171133216e+02,0,0
-7.833327098e+01,0,0
-3.924407471e+01,0,0
-7.654042495e-13,0,0
3.924407471e+01,0,0
7.833327098e+01,0,0
1.171133216e+02,0,0
1.554311795e+02,0,0
1.931356215e+02,0,0
2.300778454e+02,0,0
2.661120572e+02,0,0
3.010960463e+02,0,0
3.348917469e+02,0,0
3.673657827e+02,0,0
3.983899936e+02,0,0
4.278419412e+02,0,0
4.556053921e+02,0,0
4.815707767e+02,0,0
5.056356215e+02,0,0
5.277049534e+02,0,0
5.476916750e+02,0,0
5.655169078e+02,0,0
5.811103037e+02,0,0
5.944103227e+02,0,0
6.053644757e+02,0,0
6.139295317e+02,0,0
6.200716883e+02,0,0
6.237667053e+02,0,0
6.250000000e+02,0,0
6.237667053e+02,0,0
6.200716883e+02,0,0
6.139295317e+02,0,0
6.053644757e+02,0,0
5.944103227e+02,0,0
5.811103037e+02,0,0
5.655169078e+02,0,0
5.476916750e+02,0,0
5.277049534e+02,0,0
5.056356215e+02,0,0
4.815707767e+02,0,0
4.556053921e+02,0,0
4.278419412e+02,0,0
3.983899936e+02,0,0
3.673657827e+02,0,0
3.348917469e+02,0,0
3.010960463e+02,0,0
2.661120572e+02,0,0
2.300778454e+02,0,0
1.931356215e+02,0,0
1.554311795e+02,0,0
1.171133216e+02,0,0
7.833327098e+01,0,0
3.924407471e+01,0,0
-1.378501375e-12,0,0
-3.924407471e+01,0,0
-7.833327098e+01,0,0
-1.171133216e+02,0,0
-1.554311795e+02,0,0
-1.931356215e+02,0,0
-2.300778454e+02,0,0
-2.661120572e+02,0,0
-3.010960463e+02,0,0
-3.348917469e+02,0,0
-3.673657827e+02,0,0
-3.983899936e+02,0,0
-4.278419412e+02,0,0
-4.556053921e+02,0,0
-4.815707767e+02,0,0
-5.056356215e+02,0,0
-5.277049534e+02,0,0
-5.476916750e+02,0,0
-5.655169078e+02,0,0
-5.811103037e+02,0,0
-5.944103227e+02,0,0
-6.053644757e+02,0,0
-6.139295317e+02,0,0
-6.200716883e+02,0,0
-6.237667053e+02,0,0
-6.250000000e+02,0,0
-6.237667053e+02,0,0
-6.200716883e+02,0,0
-6.139295317e+02,0,0
-6.053644757e+02,0,0
-5.944103227e+02,0,0
-5.811103037e+02,0,0
-5.655169078e+02,0,0
-5.476916750e+02,0,0
-5.277049534e+02,0,0
-5.056356215e+02,0,0
-4.815707767e+02,0,0
-4.556053921e+02,0,0
-4.278419412e+02,0,0
-3.983899936e+02,0,0
-3.673657827e+02,0,0
-3.348917469e+02,0,0
-3.010960463e+02,0,0
-2.661120572e+02,0,0
-2.300778454e+02,0,0
-1.931356215e+02,0,0
-1.554311795e+02,0,0
-1.171133216e+02,0,0
-7.833327098e+01,0,0
-3.924407471e+01,0,0
-9.184850994e-13,0,0
3.924407471e+01,0,0
7.833327098e+01,0,0
1.171133216e+02,0,0
1.554311795e+02,0,0
1.931356215e+02,0,0
2.300778454e+02,0,0
2.661120572e+02,0,0
3.010960463e+02,0,0
3.348917469e+02,0,0
3.673657827e+02,0,0
3.983899936e+02,0,0
4.278419412e+02,0,0
4.556053921e+02,0,0
4.815707767e+02,0,0
5.056356215e+02,0,0
5.277049534e+02,0,0
5.476916750e+02,0,0
5.655169078e+02,0,0
5.811103037e+02,0,0
5.944103227e+02,0,0
6.053644757e+02,0,0
6.139295317e+02,0,0
6.200716883e+02,0,0
6.237667053e+02,0,0
6.250000000e+02,0,0
6.237667053e+02,0,0
6.200716883e+02,0,0
6.139295317e+02,0,0
6.053644757e+02,0,0
5.944103227e+02,0,0
5.811103037e+02,0,0
5.655169078e+02,0,0
5.476916750e+02,0,0
5.277049534e+02,0,0
5.056356215e+02,0,0
4.815707767e+02,0,0
4.556053921e+02,0,0
4.278419412e+02,0,0
3.983899936e+02,0,0
3.673657827e+02,0,0
3.348917469e+02,0,0
3.010960463e+02,0,0
2.661120572e+02,0,0
2.300778454e+02,0,0
1.931356215e+02,0,0
1.554311795e+02,0,0
1.171133216e+02,0,0
7.833327098e+01,0,0
3.924407471e+01,0,0
-1.225420525e-12,0,0
-3.924407471e+01,0,0
-7.833327098e+01,0,0
-1.171133216e+02,0,0
-1.554311795e+02,0,0
-1.931356215e+02,0,0
-2.300778454e+02,0,0
-2.661120572e+02,0,0
-3.010960463e+02,0,0
-3.348917469e+02,0,0
-3.673657827e+02,0,0
-3.983899936e+02,0,0
-4.278419412e+02,0,0
-4.556053921e+02,0,0
-4.815707767e+02,0,0
-5.056356215e+02,0,0
-5.277049534e+02,0,0
-5.476916750e+02,0,0
-5.655169078e+02,0,0
-5.811103037e+02,0,0
-5.944103227e+02,0,0
-6.053644757e+02,0,0
-6.139295317e+02,0,0
-6.200716883e+02,0,0
-6.237667053e+02,0,0
-6.250000000e+02,0,0
-6.237667053e+02,0,0
-6.200716883e+02,0,0
-6.139295317e+02,0,0
-6.053644757e+02,0,0
-5.944103227e+02,0,0
-5.811103037e+02,0,0
-5.655169078e+02,0,0
-5.476916750e+02,0,0
-5.277049534e+02,0,0
-5.056356215e+02,0,0
-4.815707767e+02,0,0
-4.556053921e+02,0,0
-4.278419412e+02,0,0
-3.983899936e+02,0,0
-3.673657827e+02,0,0
-3.348917469e+02,0,0
-3.010960463e+02,0,0
-2.661120572e+02,0,0
-2.300778454e+02,0,0
-1.931356215e+02,0,0
-1.554311795e+02,0,0
-1.171133216e+02,0,0
-7.833327098e+01,0,0
-3.924407471e+01,0,0
3.369326149e-12,0,0
3.924407471e+01,0,0
7.833327098e+01,0,0
1.171133216e+02,0,0
1.554311795e+02,0,0
1.931356215e+02,0,0
2.300778454e+02,0,0
2.661120572e+02,0,0
3.010960463e+02,0,0
3.348917469e+02,0,0
3.673657827e+02,0,0
3.983899936e+02,0,0
4.278419412e+02,0,0
4.556053921e+02,0,0
4.815707767e+02,0,0
5.056356215e+02,0,0
5.277049534e+02,0,0
5.476916750e+02,0,0
5.655169078e+02,0,0
5.811103037e+02,0,0
5.944103227e+02,0,0
6.053644757e+02,0,0
6.139295317e+02,0,0
6.200716883e+02,0,0
6.237667053e+02,0,0
6.250000000e+02,0,0
6.237667053e+02,0,0
6.200716883e+02,0,0
6.139295317e+02,0,0
6.053644757e+02,0,0
5.944103227e+02,0,0
5.811103037e+02,0,0
5.655169078e+02,0,0
5.476916750e+02,0,0
5.277049534e+02,0,0
5.056356215e+02,0,0
4.815707767e+02,0,0
4.556053921e+02,0,0
4.278419412e+02,0,0
3.983899936e+02,0,0
3.673657827e+02,0,0
3.348917469e+02,0,0
3.010960463e+02,0,0
2.661120572e+02,0,0
2.300778454e+02,0,0
1.931356215e+02,0,0
1.554311795e+02,0,0
1.171133216e+02,0,0
7.833327098e+01,0,0
3.924407471e+01,0,0
3.368552423e-12,0,0
-3.924407471e+01,0,0
-7.833327098e+01,0,0
-1.171133216e+02,0,0
-1.554311795e+02,0,0
-1.931356215e+02,0,0
-2.300778454e+02,0,0
-2.661120572e+02,0,0
-3.010960463e+02,0,0
-3.348917469e+02,0,0
-3.673657827e+02,0,0
-3.983899936e+02,0,0
-4.278419412e+02,0,0
-4.556053921e+02,0,0
-4.815707767e+02,0,0
-5.056356215e+02,0,0
-5.277049534e+02,0,0
-5.476916750e+02,0,0
-5.655169078e+02,0,0
-5.811103037e+02,0,0
-5.944103227e+02,0,0
-6.053644757e+02,0,0
-6.139295317e+02,0,0
-6.200716883e+02,0,0
-6.237667053e+02,0,0
-6.250000000e+02,0,0
-6.237667053e+02,0,0
-6.200716883e+02,0,0
-6.139295317e+02,0,0
-6.053644757e+02,0,0
-5.944103227e+02,0,0
-5.811103037e+02,0,0
-5.655169078e+02,0,0
-5.476916750e+02,0,0
-5.277049534e+02,0,0
-5.056356215e+02,0,0
-4.815707767e+02,0,0
-4.556053921e+02,0,0
-4.278419412e+02,0,0
-3.983899936e+02,0,0
-3.673657827e+02,0,0
-3.348917469e+02,0,0
-3.010960463e+02,0,0
-2.661120572e+02,0,0
-2.300778454e+02,0,0
-1.931356215e+02,0,0
-1.554311795e+02,0,0
-1.171133216e+02,0,0
-7.833327098e+01,0,0
-3.924407471e+01,0,0
-1.224646799e-12,0,0
3.924407471e+01,0,0
7.833327098e+01,0,0
1.171133216e+02,0,0
1.554311795e+02,0,0
1.931356215e+02,0,0
2.300778454e+02,0,0
2.661120572e+02,0,0
3.010960463e+02,0,0
3.348917469e+02,0,0
3.673657827e+02,0,0
3.983899936e+02,0,0
4.278419412e+02,0,0
4.556053921e+02,0,0
4.815707767e+02,0,0
5.056356215e+02,0,0
5.277049534e+02,0,0
5.476916750e+02,0,0
5.655169078e+02,0,0
5.811103037e+02,0,0
5.944103227e+02,0,0
6.053644757e+02,0,0
6.139295317e+02,0,0
6.200716883e+02,0,0
6.237667053e+02,0,0
6.250000000e+02,0,0
6.237667053e+02,0,0
6.200716883e+02,0,0
6.139295317e+02,0,0
6.053644757e+02,0,0
5.944103227e+02,0,0
5.811103037e+02,0,0
5.655169078e+02,0,0
5.476916750e+02,0,0
5.277049534e+02,0,0
5.056356215e+02,0,0
4.815707767e+02,0,0
4.556053921e+02,0,0
4.278419412e+02,0,0
3.983899936e+02,0,0
3.673657827e+02,0,0
3.348917469e+02,0,0
3.010960463e+02,0,0
2.661120572e+02,0,0
2.300778454e+02,0,0
1.931356215e+02,0,0
1.554311795e+02,0,0
1.171133216e+02,0,0
7.833327098e+01,0,0
3.924407471e+01,0,0
3.521633273e-12,0,0
-3.924407471e+01,0,0
-7.833327098e+01,0,0
-1.171133216e+02,0,0
-1.554311795e+02,0,0
-1.931356215e+02,0,0
-2.300778454e+02,0,0
-2.661120572e+02,0,0
-3.010960463e+02,0,0
-3.348917469e+02,0,0
-3.673657827e+02,0,0
-3.983899936e+02,0,0
-4.278419412e+02,0,0
-4.556053921e+02,0,0
-4.815707767e+02,0,0
-5.056356215e+02,0,0
-5.277049534e+02,0,0
-5.476916750e+02,0,0
-5.655169078e+02,0,0
-5.811103037e+02,0,0
-5.944103227e+02,0,0
-6.053644757e+02,0,0
-6.139295317e+02,0,0
-6.200716883e+02,0,0
-6.237667053e+02,0,0
-6.250000000e+02,0,0
-6.237667053e+02,0,0
-6.200716883e+02,0,0
-6.139295317e+02,0,0
-6.053644757e+02,0,0
-5.944103227e+02,0,0
-5.811103037e+02,0,0
-5.655169078e+02,0,0
-5.476916750e+02,0,0
-5.277049534e+02,0,0
-5.056356215e+02,0,0
-4.815707767e+02,0,0
-4.556053921e+02,0,0
-4.278419412e+02,0,0
-3.983899936e+02,0,0
-3.673657827e+02,0,0
-3.348917469e+02,0,0
-3.010960463e+02,0,0
-2.661120572e+02,0,0
-2.300778454e+02,0,0
-1.931356215e+02,0,0
-1.554311795e+02,0,0
-1.171133216e+02,0,0
-7.833327098e+01,0,0
-3.924407471e+01,0,0
-1.377727649e-12,0,0
3.924407471e+01,0,0
7.833327098e+01,0,0
1.171133216e+02,0,0
1.554311795e+02,0,0
1.931356215e+02,0,0
2.300778454e+02,0,0
2.661120572e+02,0,0
3.010960463e+02,0,0
3.348917469e+02,0,0
3.673657827e+02,0,0
3.983899936e+02,0,0
4.278419412e+02,0,0
4.556053921e+02,0,0
4.815707767e+02,0,0
5.056356215e+02,0,0
5.277049534e+02,0,0
5.476916750e+02,0,0
5.655169078e+02,0,0
5.811103037e+02,0,0
5.944103227e+02,0,0
6.053644757e+02,0,0
6.139295317e+02,0,0
6.200716883e+02,0,0
6.237667053e+02,0,0
6.250000000e+02,0,0
6.237667053e+02,0,0
6.200716883e+02,0,0
6.139295317e+02,0,0
6.053644757e+02,0,0
5.944103227e+02,0,0
5.811103037e+02,0,0
5.655169078e+02,0,0
5.476916750e+02,0,0
5.277049534e+02,0,0
5.056356215e+02,0,0
4.815707767e+02,0,0
4.556053921e+02,0,0
4.278419412e+02,0,0
3.983899936e+02,0,0
3.673657827e+02,0,0
3.348917469e+02,0,0
3.010960463e+02,0,0
2.661120572e+02,0,0
2.300778454e+02,0,0
1.931356215e+02,0,0
1.554311795e+02,0,0
1.171133216e+02,0,0
7.833327098e+01,0,0
3.924407471e+01,0,0
-7.661779753e-13,0,0
-3.924407471e+01,0,0
-7.833327098e+01,0,0
-1.171133216e+02,0,0
-1.554311795e+02,0,0
-1.931356215e+02,0,0
-2.300778454e+02,0,0
-2.661120572e+02,0,0
-3.010960463e+02,0,0
-3.348917469e+02,0,0
-3.673657827e+02,0,0
-3.983899936e+02,0,0
-4.278419412e+02,0,0
-4.556053921e+02,0,0
-4.815707767e+02,0,0
-5.056356215e+02,0,0
-5.277049534e+02,0,0
-5.476916750e+02,0,0
-5.655169078e+02,0,0
-5.811103037e+02,0,0
-5.944103227e+02,0,0
-6.053644757e+02,0,0
-6.139295317e+02,0,0
-6.200716883e+02,0,0
-6.237667053e+02,0,0
-6.250000000e+02,0,0
-6.237667053e+02,0,0
-6.200716883e+02,0,0
-6.139295317e+02,0,0
-6.053644757e+02,0,0
-5.944103227e+02,0,0
-5.811103037e+02,0,0
-5.655169078e+02,0,0
-5.476916750e+02,0,0
-5.277049534e+02,0,0
-5.056356215e+02,0,0
-4.815707767e+02,0,0
-4.556053921e+02,0,0
-4.278419412e+02,0,0
-3.983899936e+02,0,0
-3.673657827e+02,0,0
-3.348917469e+02,0,0
-3.010960463e+02,0,0
-2.661120572e+02,0,0
-2.300778454e+02,0,0
-1.931356215e+02,0,0
-1.554311795e+02,0,0
-1.171133216e+02,0,0
-7.833327098e+01,0,0
-3.924407471e+01,0,0
-1.530808499e-12,0,0
3.924407471e+01,0,0
7.833327098e+01,0,0
1.171133216e+02,0,0
1.554311795e+02,0,0
1.931356215e+02,0,0
2.300778454e+02,0,0
2.661120572e+02,0,0
3.010960463e+02,0,0
3.348917469e+02,0,0
3.673657827e+02,0,0
3.983899936e+02,0,0
4.278419412e+02,0,0
4.556053921e+02,0,0
4.815707767e+02,0,0
5.056356215e+02,0,0
5.277049534e+02,0,0
5.476916750e+02,0,0
5.655169078e+02,0,0
5.811103037e+02,0,0
5.944103227e+02,0,0
6.053644757e+02,0,0
6.139295317e+02,0,0
6.200716883e+02,0,0
6.237667053e+02,0,0
6.250000000e+02,0,0
6.237667053e+02,0,0
6.200716883e+02,0,0
6.139295317e+02,0,0
6.053644757e+02,0,0
5.944103227e+02,0,0
5.811103037e+02,0,0
5.655169078e+02,0,0
5.476916750e+02,0,0
5.277049534e+02,0,0
5.056356215e+02,0,0
4.815707767e+02,0,0
4.556053921e+02,0,0
4.278419412e+02,0,0
3.983899936e+02,0,0
3.673657827e+02,0,0
3.348917469e+02,0,0
3.010960463e+02,0,0
2.661120572e+02,0,0
2.300778454e+02,0,0
1.931356215e+02,0,0
1.554311795e+02,0,0
1.171133216e+02,0,0
7.833327098e+01,0,0
3.924407471e+01,0,0
-6.130971254e-13,0,0
-3.924407471e+01,0,0
-7.833327098e+01,0,0
-1.171133216e+02,0,0
-1.554311795e+02,0,0
-1.931356215e+02,0,0
-2.300778454e+02,0,0
-2.661120572e+02,0,0
-3.010960463e+02,0,0
-3.348917469e+02,0,0
-3.673657827e+02,0,0
-3.983899936e+02,0,0
-4.278419412e+02,0,0
-4.556053921e+02,0,0
-4.815707767e+02,0,0
-5.056356215e+02,0,0
-5.277049534e+02,0,0
-5.476916750e+02,0,0
-5.655169078e+02,0,0
-5.811103037e+02,0,0
-5.944103227e+02,0,0
-6.053644757e+02,0,0
-6.139295317e+02,0,0
-6.200716883e+02,0,0
-6.237667053e+02,0,0
-6.250000000e+02,0,0
-6.237667053e+02,0,0
-6.200716883e+02,0,0
-6.139295317e+02,0,0
-6.053644757e+02,0,0
-5.944103227e+02,0,0
-5.811103037e+02,0,0
-5.655169078e+02,0,0
-5.476916750e+02,0,0
-5.277049534e+02,0,0
-5.056356215e+02,0,0
-4.815707767e+02,0,0
-4.556053921e+02,0,0
-4.278419412e+02,0,0
-3.983899936e+02,0,0
-3.673657827e+02,0,0
-3.348917469e+02,0,0
-3.010960463e+02,0,0
-2.661120572e+02,0,0
-2.300778454e+02,0,0
-1.931356215e+02,0,0
-1.554311795e+02,0,0
-1.171133216e+02,0,0
-7.833327098e+01,0,0
-3.924407471e+01,0,0
2.757002750e-12,0,0
3.924407471e+01,0,0
7.833327098e+01,0,0
1.171133216e+02,0,0
1.554311795e+02,0,0
1.931356215e+02,0,0
2.300778454e+02,0,0
2.661120572e+02,0,0
3.010960463e+02,0,0
3.348917469e+02,0,0
3.673657827e+02,0,0
3.983899936e+02,0,0
4.278419412e+02,0,0
4.556053921e+02,0,0
4.815707767e+02,0,0
5.056356215e+02,0,0
5.277049534e+02,0,0
5.476916750e+02,0,0
5.655169078e+02,0,0
5.811103037e+02,0,0
5.944103227e+02,0,0
6.053644757e+02,0,0
6.139295317e+02,0,0
6.200716883e+02,0,0
6.237667053e+02,0,0
6.250000000e+02,0,0
6.237667053e+02,0,0
6.200716883e+02,0,0
6.139295317e+02,0,0
6.053644757e+02,0,0
5.944103227e+02,0,0
5.811103037e+02,0,0
5.655169078e+02,0,0
5.476916750e+02,0,0
5.277049534e+02,0,0
5.056356215e+02,0,0
4.815707767e+02,0,0
4.556053921e+02,0,0
4.278419412e+02,0,0
3.983899936e+02,0,0
3.673657827e+02,0,0
3.348917469e+02,0,0
3.010960463e+02,0,0
2.661120572e+02,0,0
2.300778454e+02,0,0
1.931356215e+02,0,0
1.554311795e+02,0,0
1.171133216e+02,0,0
7.833327098e+01,0,0
3.924407471e+01,0,0
-4.900908374e-12,0,0
-3.924407471e+01,0,0
-7.833327098e+01,0,0
-1.171133216e+02,0,0
-1.554311795e+02,0,0
-1.931356215e+02,0,0
-2.300778454e+02,0,0
-2.661120572e+02,0,0
-3.010960463e+02,0,0
-3.348917469e+02,0,0
-3.673657827e+02,0,0
-3.983899936e+02,0,0
-4.278419412e+02,0,0
-4.556053921e+02,0,0
-4.815707767e+02,0,0
-5.056356215e+02,0,0
-5.277049534e+02,0,0
-5.476916750e+02,0,0
-5.655169078e+02,0,0
-5.811103037e+02,0,0
-5.944103227e+02,0,0
-6.053644757e+02,0,0
-6.139295317e+02,0,0
-6.200716883e+02,0,0
-6.237667053e+02,0,0
-6.250000000e+02,0,0
-6.237667053e+02,0,0
-6.200716883e+02,0,0
-6.139295317e+02,0,0
-6.053644757e+02,0,0
-5.944103227e+02,0,0
-5.811103037e+02,0,0
-5.655169078e+02,0,0
-5.476916750e+02,0,0
-5.277049534e+02,0,0
-5.056356215e+02,0,0
-4.815707767e+02,0,0
-4.556053921e+02,0,0
-4.278419412e+02,0,0
-3.983899936e+02,0,0
-3.673657827e+02,0,0
-3.348917469e+02,0,0
-3.010960463e+02,0,0
-2.661120572e+02,0,0
-2.300778454e+02,0,0
-1.931356215e+02,0,0
-1.554311795e+02,0,0
-1.171133216e+02,0,0
-7.833327098e+01,0,0
-3.924407471e+01,0,0
-1.836970199e-12,0,0
3.924407471e+01,0,0
7.833327098e+01,0,0
1.171133216e+02,0,0
1.554311795e+02,0,0
1.931356215e+02,0,0
2.300778454e+02,0,0
2.661120572e+02,0,0
3.010960463e+02,0,0
3.348917469e+02,0,0
3.673657827e+02,0,0
3.983899936e+02,0,0
4.278419412e+02,0,0
4.556053921e+02,0,0
4.815707767e+02,0,0
5.056356215e+02,0,0
5.277049534e+02,0,0
5.476916750e+02,0,0
5.655169078e+02,0,0
5.811103037e+02,0,0
5.944103227e+02,0,0
6.053644757e+02,0,0
6.139295317e+02,0,0
6.200716883e+02,0,0
6.237667053e+02,0,0
6.250000000e+02,0,0
6.237667053e+02,0,0
6.200716883e+02,0,0
6.139295317e+02,0,0
6.053644757e+02,0,0
5.944103227e+02,0,0
5.811103037e+02,0,0
5.655169078e+02,0,0
5.476916750e+02,0,0
5.277049534e+02,0,0
5.056356215e+02,0,0
4.815707767e+02,0,0
4.556053921e+02,0,0
4.278419412e+02,0,0
3.983899936e+02,0,0
3.673657827e+02,0,0
3.348917469e+02,0,0
3.010960463e+02,0,0
2.661120572e+02,0,0
2.300778454e+02,0,0
1.931356215e+02,0,0
1.554311795e+02,0,0
1.171133216e+02,0,0
7.833327098e+01,0,0
3.924407471e+01,0,0
-3.069354256e-13,0,0
-3.924407471e+01,0,0
-7.833327098e+01,0,0
-1.171133216e+02,0,0
-1.554311795e+02,0,0
-1.931356215e+02,0,0
-2.300778454e+02,0,0
-2.661120572e+02,0,0
-3.010960463e+02,0,0
-3.348917469e+02,0,0
-3.673657827e+02,0,0
-3.983899936e+02,0,0
-4.278419412e+02,0,0
-4.556053921e+02,0,0
-4.815707767e+02,0,0
-5.056356215e+02,0,0
-5.277049534e+02,0,0
-5.476916750e+02,0,0
-5.655169078e+02,0,0
-5.811103037e+02,0,0
-5.944103227e+02,0,0
-6.053644757e+02,0,0
-6.139295317e+02,0,0
-6.200716883e+02,0,0
-6.237667053e+02,0,0
-6.250000000e+02,0,0
-6.237667053e+02,0,0
-6.200716883e+02,0,0
-6.139295317e+02,0,0
-6.053644757e+02,0,0
-5.944103227e+02,0,0
-5.811103037e+02,0,0
-5.655169078e+02,0,0
-5.476916750e+02,0,0
-5.277049534e+02,0,0
-5.056356215e+02,0,0
-4.815707767e+02,0,0
-4.556053921e+02,0,0
-4.278419412e+02,0,0
-3.983899936e+02,0,0
-3.673657827e+02,0,0
-3.348917469e+02,0,0
-3.010960463e+02,0,0
-2.661120572e+02,0,0
-2.300778454e+02,0,0
-1.931356215e+02,0,0
-1.554311795e+02,0,0
-1.171133216e+02,0,0
-7.833327098e+01,0,0
-3.924407471e+01,0,0
2.450841050e-12,0,0
3.924407471e+01,0,0
7.833327098e+01,0,0
1.171133216e+02,0,0
1.554311795e+02,0,0
1.931356215e+02,0,0
2.300778454e+02,0,0
2.661120572e+02,0,0
3.010960463e+02,0,0
3.348917469e+02,0,0
3.673657827e+02,0,0
3.983899936e+02,0,0
4.278419412e+02,0,0
4.556053921e+02,0,0
4.815707767e+02,0,0
5.056356215e+02,0,0
5.277049534e+02,0,0
5.476916750e+02,0,0
5.655169078e+02,0,0
5.811103037e+02,0,0
5.944103227e+02,0,0
6.053644757e+02,0,0
6.139295317e+02,0,0
6.200716883e+02,0,0
6.237667053e+02,0,0
6.250000000e+02,0,0
6.237667053e+02,0,0
6.200716883e+02,0,0
6.139295317e+02,0,0
6.053644757e+02,0,0
5.944103227e+02,0,0
5.811103037e+02,0,0
5.655169078e+02,0,0
5.476916750e+02,0,0
5.277049534e+02,0,0
5.056356215e+02,0,0
4.815707767e+02,0,0
4.556053921e+02,0,0
4.278419412e+02,0,0
3.983899936e+02,0,0
3.673657827e+02,0,0
3.348917469e+02,0,0
3.010960463e+02,0,0
2.661120572e+02,0,0
2.300778454e+02,0,0
1.931356215e+02,0,0
1.554311795e+02,0,0
1.171133216e+02,0,0
7.833327098e+01,0,0
3.924407471e+01,0,0
-4.594746674e-12,0,0
-3.924407471e+01,0,0
-7.833327098e+01,0,0
-1.171133216e+02,0,0
-1.554311795e+02,0,0
-1.931356215e+02,0,0
-2.300778454e+02,0,0
-2.661120572e+02,0,0
-3.010960463e+02,0,0
-3.348917469e+02,0,0
-3.673657827e+02,0,0
-3.983899936e+02,0,0
-4.278419412e+02,0,0
-4.556053921e+02,0,0
-4.815707767e+02,0,0
-5.056356215e+02,0,0
-5.277049534e+02,0,0
-5.476916750e+02,0,0
-5.655169078e+02,0,0
-5.811103037e+02,0,0
-5.944103227e+02,0,0
-6.053644757e+02,0,0
-6.139295317e+02,0,0
-6.200716883e+02,0,0
-6.237667053e+02,0,0
-6.250000000e+02,0,0
-6.237667053e+02,0,0
-6.200716883e+02,0,0
-6.139295317e+02,0,0
-6.053644757e+02,0,0
-5.944103227e+02,0,0
-5.811103037e+02,0,0
-5.655169078e+02,0,0
-5.476916750e+02,0,0
-5.277049534e+02,0,0
-5.056356215e+02,0,0
-4.815707767e+02,0,0
-4.556053921e+02,0,0
-4.278419412e+02,0,0
-3.983899936e+02,0,0
-3.673657827e+02,0,0
-3.348917469e+02,0,0
-3.010960463e+02,0,0
-2.661120572e+02,0,0
-2.300778454e+02,0,0
-1.931356215e+02,0,0
-1.554311795e+02,0,0
-1.171133216e+02,0,0
-7.833327098e+01,0,0
-3.924407471e+01,0,0
6.738652298e-12,0,0
3.924407471e+01,0,0
7.833327098e+01,0,0
1.171133216e+02,0,0
1.554311795e+02,0,0
1.931356215e+02,0,0
2.300778454e+02,0,0
2.661120572e+02,0,0
3.010960463e+02,0,0
3.348917469e+02,0,0
3.673657827e+02,0,0
3.983899936e+02,0,0
4.278419412e+02,0,0
4.556053921e+02,0,0
4.815707767e+02,0,0
5.056356215e+02,0,0
5.277049534e+02,0,0
5.476916750e+02,0,0
5.655169078e+02,0,0
5.811103037e+02,0,0
5.944103227e+02,0,0
6.053644757e+02,0,0
6.139295317e+02,0,0
6.200716883e+02,0,0
6.237667053e+02,0,0
6.250000000e+02,0,0
6.237667053e+02,0,0
6.200716883e+02,0,0
6.139295317e+02,0,0
6.053644757e+02,0,0
5.944103227e+02,0,0
5.811103037e+02,0,0
5.655169078e+02,0,0
5.476916750e+02,0,0
5.277049534e+02,0,0
5.056356215e+02,0,0
4.815707767e+02,0,0
4.556053921e+02,0,0
4.278419412e+02,0,0
3.983899936e+02,0,0
3.673657827e+02,0,0
3.348917469e+02,0,0
3.010960463e+02,0,0
2.661120572e+02,0,0
2.300778454e+02,0,0
1.931356215e+02,0,0
1.554311795e+02,0,0
1.171133216e+02,0,0
7.833327098e+01,0,0
3.924407471e+01,0,0
-7.737257957e-16,0,0
-3.924407471e+01,0,0
-7.833327098e+01,0,0
-1.171133216e+02,0,0
-1.554311795e+02,0,0
-1.931356215e+02,0,0
-2.300778454e+02,0,0
-2.661120572e+02,0,0
-3.010960463e+02,0,0
-3.348917469e+02,0,0
-3.673657827e+02,0,0
-3.983899936e+02,0,0
-4.278419412e+02,0,0
-4.556053921e+02,0,0
-4.815707767e+02,0,0
-5.056356215e+02,0,0
-5.277049534e+02,0,0
-5.476916750e+02,0,0
-5.655169078e+02,0,0
-5.811103037e+02,0,0
-5.944103227e+02,0,0
-6.053644757e+02,0,0
-6.139295317e+02,0,0
-6.200716883e+02,0,0
-6.237667053e+02,0,0
-6.250000000e+02,0,0
-6.237667053e+02,0,0
-6.200716883e+02,0,0
-6.139295317e+02,0,0
-6.053644757e+02,0,0
-5.944103227e+02,0,0
-5.811103037e+02,0,0
-5.655169078e+02,0,0
-5.476916750e+02,0,0
-5.277049534e+02,0,0
-5.056356215e+02,0,0
-4.815707767e+02,0,0
-4.556053921e+02,0,0
-4.278419412e+02,0,0
-3.983899936e+02,0,0
-3.673657827e+02,0,0
-3.348917469e+02,0,0
-3.010960463e+02,0,0
-2.661120572e+02,0,0
-2.300778454e+02,0,0
-1.931356215e+02,0,0
-1.554311795e+02,0,0
-1.171133216e+02,0,0
-7.833327098e+01,0,0
-3.924407471e+01,0,0
-6.737104847e-12,0,0
3.924407471e+01,0,0
7.833327098e+01,0,0
1.171133216e+02,0,0
1.554311795e+02,0,0
1.931356215e+02,0,0
2.300778454e+02,0,0
2.661120572e+02,0,0
3.010960463e+02,0,0
3.348917469e+02,0,0
3.673657827e+02,0,0
3.983899936e+02,0,0
4.278419412e+02,0,0
4.556053921e+02,0,0
4.815707767e+02,0,0
5.056356215e+02,0,0
5.277049534e+02,0,0
5.476916750e+02,0,0
5.655169078e+02,0,0
5.811103037e+02,0,0
5.944103227e+02,0,0
6.053644757e+02,0,0
6.139295317e+02,0,0
6.200716883e+02,0,0
6.237667053e+02,0,0
6.250000000e+02,0,0
6.237667053e+02,0,0
6.200716883e+02,0,0
6.139295317e+02,0,0
6.053644757e+02,0,0
5.944103227e+02,0,0
5.811103037e+02,0,0
5.655169078e+02,0,0
5.476916750e+02,0,0
5.277049534e+02,0,0
5.056356215e+02,0,0
4.815707767e+02,0,0
4.556053921e+02,0,0
4.278419412e+02,0,0
3.983899936e+02,0,0
3.673657827e+02,0,0
3.348917469e+02,0,0
3.010960463e+02,0,0
2.661120572e+02,0,0
2.300778454e+02,0,0
1.931356215e+02,0,0
1.554311795e+02,0,0
1.171133216e+02,0,0
7.833327098e+01,0,0
3.924407471e+01,0,0
4.593199223e-12,0,0
-3.924407471e+01,0,0
-7.833327098e+01,0,0
-1.171133216e+02,0,0
-1.554311795e+02,0,0
-1.931356215e+02,0,0
-2.300778454e+02,0,0
-2.661120572e+02,0,0
-3.010960463e+02,0,0
-3.348917469e+02,0,0
-3.673657827e+02,0,0
-3.983899936e+02,0,0
-4.278419412e+02,0,0
-4.556053921e+02,0,0
-4.815707767e+02,0,0
-5.056356215e+02,0,0
-5.277049534e+02,0,0
-5.476916750e+02,0,0
-5.655169078e+02,0,0
-5.811103037e+02,0,0
-5.944103227e+02,0,0
-6.053644757e+02,0,0
-6.139295317e+02,0,0
-6.200716883e+02,0,0
-6.237667053e+02,0,0
-6.250000000e+02,0,0
-6.237667053e+02,0,0
-6.200716883e+02,0,0
-6.139295317e+02,0,0
-6.053644757e+02,0,0
-5.944103227e+02,0,0
-5.811103037e+02,0,0
-5.655169078e+02,0,0
-5.476916750e+02,0,0
-5.277049534e+02,0,0
-5.056356215e+02,0,0
-4.815707767e+02,0,0
-4.556053921e+02,0,0
-4.278419412e+02,0,0
-3.983899936e+02,0,0
-3.673657827e+02,0,0
-3.348917469e+02,0,0
-3.010960463e+02,0,0
-2.661120572e+02,0,0
-2.300778454e+02,0,0
-1.931356215e+02,0,0
-1.554311795e+02,0,0
-1.171133216e+02,0,0
-7.833327098e+01,0,0
-3.924407471e+01,0,0
-2.449293598e-12,0,0
3.924407471e+01,0,0
7.833327098e+01,0,0
1.171133216e+02,0,0
1.554311795e+02,0,0
1.931356215e+02,0,0
2.300778454e+02,0,0
2.661120572e+02,0,0
3.010960463e+02,0,0
3.348917469e+02,0,0
3.673657827e+02,0,0
3.983899936e+02,0,0
4.278419412e+02,0,0
4.556053921e+02,0,0
4.815707767e+02,0,0
5.056356215e+02,0,0
5.277049534e+02,0,0
5.476916750e+02,0,0
5.655169078e+02,0,0
5.811103037e+02,0,0
5.944103227e+02,0,0
6.053644757e+02,0,0
6.139295317e+02,0,0
6.200716883e+02,0,0
6.237667053e+02,0,0
6.250000000e+02,0,0
6.237667053e+02,0,0
6.200716883e+02,0,0
6.139295317e+02,0,0
6.053644757e+02,0,0
5.944103227e+02,0,0
5.811103037e+02,0,0
5.655169078e+02,0,0
5.476916750e+02,0,0
5.277049534e+02,0,0
5.056356215e+02,0,0
4.815707767e+02,0,0
4.556053921e+02,0,0
4.278419412e+02,0,0
3.983899936e+02,0,0
3.673657827e+02,0,0
3.348917469e+02,0,0
3.010960463e+02,0,0
2.661120572e+02,0,0
2.300778454e+02,0,0
1.931356215e+02,0,0
1.554311795e+02,0,0
1.171133216e+02,0,0
7.833327098e+01,0,0
3.924407471e+01,0,0
3.053879740e-13,0,0
-3.924407471e+01,0,0
-7.833327098e+01,0,0
-1.171133216e+02,0,0
-1.554311795e+02,0,0
-1.931356215e+02,0,0
-2.300778454e+02,0,0
-2.661120572e+02,0,0
-3.010960463e+02,0,0
-3.348917469e+02,0,0
-3.673657827e+02,0,0
-3.983899936e+02,0,0
-4.278419412e+02,0,0
-4.556053921e+02,0,0
-4.815707767e+02,0,0
-5.056356215e+02,0,0
-5.277049534e+02,0,0
-5.476916750e+02,0,0
-5.655169078e+02,0,0
-5.811103037e+02,0,0
-5.944103227e+02,0,0
-6.053644757e+02,0,0
-6.139295317e+02,0,0
-6.200716883e+02,0,0
-6.237667053e+02,0,0
-6.250000000e+02,0,0
-6.237667053e+02,0,0
-6.200716883e+02,0,0
-6.139295317e+02,0,0
-6.053644757e+02,0,0
-5.944103227e+02,0,0
-5.811103037e+02,0,0
-5.655169078e+02,0,0
-5.476916750e+02,0,0
-5.277049534e+02,0,0
-5.056356215e+02,0,0
-4.815707767e+02,0,0
-4.556053921e+02,0,0
-4.278419412e+02,0,0
-3.983899936e+02,0,0
-3.673657827e+02,0,0
-3.348917469e+02,0,0
-3.010960463e+02,0,0
-2.661120572e+02,0,0
-2.300778454e+02,0,0
-1.931356215e+02,0,0
-1.554311795e+02,0,0
-1.171133216e+02,0,0
-7.833327098e+01,0,0
-3.924407471e+01,0,0
-7.043266547e-12,0,0
3.924407471e+01,0,0
7.833327098e+01,0,0
1.171133216e+02,0,0
1.554311795e+02,0,0
1.931356215e+02,0,0
2.300778454e+02,0,0
2.661120572e+02,0,0
3.010960463e+02,0,0
3.348917469e+02,0,0
3.673657827e+02,0,0
3.983899936e+02,0,0
4.278419412e+02,0,0
4.556053921e+02,0,0
4.815707767e+02,0,0
5.056356215e+02,0,0
5.277049534e+02,0,0
5.476916750e+02,0,0
5.655169078e+02,0,0
5.811103037e+02,0,0
5.944103227e+02,0,0
6.053644757e+02,0,0
6.139295317e+02,0,0
6.200716883e+02,0,0
6.237667053e+02,0,0
6.250000000e+02,0,0
6.237667053e+02,0,0
6.200716883e+02,0,0
6.139295317e+02,0,0
6.053644757e+02,0,0
5.944103227e+02,0,0
5.811103037e+02,0,0
5.655169078e+02,0,0
5.476916750e+02,0,0
5.277049534e+02,0,0
5.056356215e+02,0,0
4.815707767e+02,0,0
4.556053921e+02,0,0
4.278419412e+02,0,0
3.983899936e+02,0,0
3.673657827e+02,0,0
3.348917469e+02,0,0
3.010960463e+02,0,0
2.661120572e+02,0,0
2.300778454e+02,0,0
1.931356215e+02,0,0
1.554311795e+02,0,0
1.171133216e+02,0,0
7.833327098e+01,0,0
3.924407471e+01,0,0
4.899360922e-12,0,0
-3.924407471e+01,0,0
-7.833327098e+01,0,0
-1.171133216e+02,0,0
-1.554311795e+02,0,0
-1.931356215e+02,0,0
-2.300778454e+02,0,0
-2.661120572e+02,0,0
-3.010960463e+02,0,0
-3.348917469e+02,0,0
-3.673657827e+02,0,0
-3.983899936e+02,0,0
-4.278419412e+02,0,0
-4.556053921e+02,0,0
-4.815707767e+02,0,0
-5.056356215e+02,0,0
-5.277049534e+02,0,0
-5.476916750e+02,0,0
-5.655169078e+02,0,0
-5.811103037e+02,0,0
-5.944103227e+02,0,0
-6.053644757e+02,0,0
-6.139295317e+02,0,0
-6.200716883e+02,0,0
-6.237667053e+02,0,0
-6.250000000e+02,0,0
-6.237667053e+02,0,0
-6.200716883e+02,0,0
-6.139295317e+02,0,0
-6.053644757e+02,0,0
-5.944103227e+02,0,0
-5.811103037e+02,0,0
-5.655169078e+02,0,0
-5.476916750e+02,0,0
-5.277049534e+02,0,0
-5.056356215e+02,0,0
-4.815707767e+02,0,0
-4.556053921e+02,0,0
-4.278419412e+02,0,0
-3.983899936e+02,0,0
-3.673657827e+02,0,0
-3.348917469e+02,0,0
-3.010960463e+02,0,0
-2.661120572e+02,0,0
-2.300778454e+02,0,0
-1.931356215e+02,0,0
-1.554311795e+02,0,0
-1.171133216e+02,0,0
-7.833327098e+01,0,0
-3.924407471e+01,0,0
-2.755455298e-12,0,0
3.924407471e+01,0,0
7.833327098e+01,0,0
1.171133216e+02,0,0
1.554311795e+02,0,0
1.931356215e+02,0,0
2.300778454e+02,0,0
2.661120572e+02,0,0
3.010960463e+02,0,0
3.348917469e+02,0,0
3.673657827e+02,0,0
3.983899936e+02,0,0
4.278419412e+02,0,0
4.556053921e+02,0,0
4.815707767e+02,0,0
5.056356215e+02,0,0
5.277049534e+02,0,0
5.476916750e+02,0,0
5.655169078e+02,0,0
5.811103037e+02,0,0
5.944103227e+02,0,0
6.053644757e+02,0,0
6.139295317e+02,0,0
6.200716883e+02,0,0
6.237667053e+02,0,0
6.250000000e+02,0,0
6.237667053e+02,0,0
6.200716883e+02,0,0
6.139295317e+02,0,0
6.053644757e+02,0,0
5.944103227e+02,0,0
5.811103037e+02,0,0
5.655169078e+02,0,0
5.476916750e+02,0,0
5.277049534e+02,0,0
5.056356215e+02,0,0
4.815707767e+02,0,0
4.556053921e+02,0,0
4.278419412e+02,0,0
3.983899936e+02,0,0
3.673657827e+02,0,0
3.348917469e+02,0,0
3.010960463e+02,0,0
2.661120572e+02,0,0
2.300778454e+02,0,0
1.931356215e+02,0,0
1.554311795e+02,0,0
1.171133216e+02,0,0
7.833327098e+01,0,0
3.924407471e+01,0,0
6.115496738e-13,0,0
-3.924407471e+01,0,0
-7.833327098e+01,0,0
-1.171133216e+02,0,0
-1.554311795e+02,0,0
-1.931356215e+02,0,0
-2.300778454e+02,0,0
-2.661120572e+02,0,0
-3.010960463e+02,0,0
-3.348917469e+02,0,0
-3.673657827e+02,0,0
-3.983899936e+02,0,0
-4.278419412e+02,0,0
-4.556053921e+02,0,0
-4.815707767e+02,0,0
-5.056356215e+02,0,0
-5.277049534e+02,0,0
-5.476916750e+02,0,0
-5.655169078e+02,0,0
-5.811103037e+02,0,0
-5.944103227e+02,0,0
-6.053644757e+02,0,0
-6.139295317e+02,0,0
-6.200716883e+02,0,0
-6.237667053e+02,0,0
-6.250000000e+02,0,0
-6.237667053e+02,0,0
-6.200716883e+02,0,0
-6.139295317e+02,0,0
-6.053644757e+02,0,0
-5.944103227e+02,0,0
-5.811103037e+02,0,0
-5.655169078e+02,0,0
-5.476916750e+02,0,0
-5.277049534e+02,0,0
-5.056356215e+02,0,0
-4.815707767e+02,0,0
-4.556053921e+02,0,0
-4.278419412e+02,0,0
-3.983899936e+02,0,0
-3.673657827e+02,0,0
-3.348917469e+02,0,0
-3.010960463e+02,0,0
-2.661120572e+02,0,0
-2.300778454e+02,0,0
-1.931356215e+02,0,0
-1.554311795e+02,0,0
-1.171133216e+02,0,0
-7.833327098e+01,0,0
-3.924407471e+01,0,0
1.532355951e-12,0,0
3.924407471e+01,0,0
7.833327098e+01,0,0
1.171133216e+02,0,0
1.554311795e+02,0,0
1.931356215e+02,0,0
2.300778454e+02,0,0
2.661120572e+02,0,0
3.010960463e+02,0,0
3.348917469e+02,0,0
3.673657827e+02,0,0
3.983899936e+02,0,0
4.278419412e+02,0,0
4.556053921e+02,0,0
4.815707767e+02,0,0
5.056356215e+02,0,0
5.277049534e+02,0,0
5.476916750e+02,0,0
5.655169078e+02,0,0
5.811103037e+02,0,0
5.944103227e+02,0,0
6.053644757e+02,0,0
6.139295317e+02,0,0
6.200716883e+02,0,0
6.237667053e+02,0,0
6.250000000e+02,0,0
6.237667053e+02,0,0
6.200716883e+02,0,0
6.139295317e+02,0,0
6.053644757e+02,0,0
5.944103227e+02,0,0
5.811103037e+02,0,0
5.655169078e+02,0,0
5.476916750e+02,0,0
5.277049534e+02,0,0
5.056356215e+02,0,0
4.815707767e+02,0,0
4.556053921e+02,0,0
4.278419412e+02,0,0
3.983899936e+02,0,0
3.673657827e+02,0,0
3.348917469e+02,0,0
3.010960463e+02,0,0
2.661120572e+02,0,0
2.300778454e+02,0,0
1.931356215e+02,0,0
1.554311795e+02,0,0
1.171133216e+02,0,0
7.833327098e+01,0,0
3.924407471e+01,0,0
5.205522622e-12,0,0
-3.924407471e+01,0,0
-7.833327098e+01,0,0
-1.171133216e+02,0,0
-1.554311795e+02,0,0
-1.931356215e+02,0,0
-2.300778454e+02,0,0
-2.661120572e+02,0,0
-3.010960463e+02,0,0
-3.348917469e+02,0,0
-3.673657827e+02,0,0
-3.983899936e+02,0,0
-4.278419412e+02,0,0
-4.556053921e+02,0,0
-4.815707767e+02,0,0
-5.056356215e+02,0,0
-5.277049534e+02,0,0
-5.476916750e+02,0,0
-5.655169078e+02,0,0
-5.811103037e+02,0,0
-5.944103227e+02,0,0
-6.053644757e+02,0,0
-6.139295317e+02,0,0
-6.200716883e+02,0,0
-6.237667053e+02,0,0
-6.250000000e+02,0,0
-6.237667053e+02,0,0
-6.200716883e+02,0,0
-6.139295317e+02,0,0
-6.053644757e+02,0,0
-5.944103227e+02,0,0
-5.811103037e+02,0,0
-5.655169078e+02,0,0
-5.476916750e+02,0,0
-5.277049534e+02,0,0
-5.056356215e+02,0,0
-4.815707767e+02,0,0
-4.556053921e+02,0,0
-4.278419412e+02,0,0
-3.983899936e+02,0,0
-3.673657827e+02,0,0
-3.348917469e+02,0,0
-3.010960463e+02,0,0
-2.661120572e+02,0,0
-2.300778454e+02,0,0
-1.931356215e+02,0,0
-1.554311795e+02,0,0
-1.171133216e+02,0,0
-7.833327098e+01,0,0
-3.924407471e+01,0,0
-3.061616998e-12,0,0
3.924407471e+01,0,0
7.833327098e+01,0,0
1.171133216e+02,0,0
1.554311795e+02,0,0
1.931356215e+02,0,0
2.300778454e+02,0,0
2.661120572e+02,0,0
3.010960463e+02,0,0
3.348917469e+02,0,0
3.673657827e+02,0,0
3.983899936e+02,0,0
4.278419412e+02,0,0
4.556053921e+02,0,0
4.815707767e+02,0,0
5.056356215e+02,0,0
5.277049534e+02,0,0
5.476916750e+02,0,0
5.655169078e+02,0,0
5.811103037e+02,0,0
5.944103227e+02,0,0
6.053644757e+02,0,0
6.139295317e+02,0,0
6.200716883e+02,0,0
6.237667053e+02,0,0
6.250000000e+02,0,0
6.237667053e+02,0,0
6.200716883e+02,0,0
6.139295317e+02,0,0
6.053644757e+02,0,0
5.944103227e+02,0,0
5.811103037e+02,0,0
5.655169078e+02,0,0
5.476916750e+02,0,0
5.277049534e+02,0,0
5.056356215e+02,0,0
4.815707767e+02,0,0
4.556053921e+02,0,0
4.278419412e+02,0,0
3.983899936e+02,0,0
3.673657827e+02,0,0
3.348917469e+02,0,0
3.010960463e+02,0,0
2.661120572e+02,0,0
2.300778454e+02,0,0
1.931356215e+02,0,0
1.554311795e+02,0,0
1.171133216e+02,0,0
7.833327098e+01,0,0
3.924407471e+01,0,0
9.799495571e-12,0,0
-3.924407471e+01,0,0
-7.833327098e+01,0,0
-1.171133216e+02,0,0
-1.554311795e+02,0,0
-1.931356215e+02,0,0
-2.300778454e+02,0,0
-2.661120572e+02,0,0
-3.010960463e+02,0,0
-3.348917469e+02,0,0
-3.673657827e+02,0,0
-3.983899936e+02,0,0
-4.278419412e+02,0,0
-4.556053921e+02,0,0
-4.815707767e+02,0,0
-5.056356215e+02,0,0
-5.277049534e+02,0,0
-5.476916750e+02,0,0
-5.655169078e+02,0,0
-5.811103037e+02,0,0
-5.944103227e+02,0,0
-6.053644757e+02,0,0
-6.139295317e+02,0,0
-6.200716883e+02,0,0
-6.237667053e+02,0,0
-6.250000000e+02,0,0
-6.237667053e+02,0,0
-6.200716883e+02,0,0
-6.139295317e+02,0,0
-6.053644757e+02,0,0
-5.944103227e+02,0,0
-5.811103037e+02,0,0
-5.655169078e+02,0,0
-5.476916750e+02,0,0
-5.277049534e+02,0,0
-5.056356215e+02,0,0
-4.815707767e+02,0,0
-4.556053921e+02,0,0
-4.278419412e+02,0,0
-3.983899936e+02,0,0
-3.673657827e+02,0,0
-3.348917469e+02,0,0
-3.010960463e+02,0,0
-2.661120572e+02,0,0
-2.300778454e+02,0,0
-1.931356215e+02,0,0
-1.554311795e+02,0,0
-1.171133216e+02,0,0
-7.833327098e+01,0,0
-3.924407471e+01,0,0
1.226194251e-12,0,0
3.924407471e+01,0,0
7.833327098e+01,0,0
1.171133216e+02,0,0
1.554311795e+02,0,0
1.931356215e+02,0,0
2.300778454e+02,0,0
2.661120572e+02,0,0
3.010960463e+02,0,0
3.348917469e+02,0,0
3.673657827e+02,0,0
3.983899936e+02,0,0
4.278419412e+02,0,0
4.556053921e+02,0,0
4.815707767e+02,0,0
5.056356215e+02,0,0
5.277049534e+02,0,0
5.476916750e+02,0,0
5.655169078e+02,0,0
5.811103037e+02,0,0
5.944103227e+02,0,0
6.053644757e+02,0,0
6.139295317e+02,0,0
6.200716883e+02,0,0
6.237667053e+02,0,0
6.250000000e+02,0,0
6.237667053e+02,0,0
6.200716883e+02,0,0
6.139295317e+02,0,0
6.053644757e+02,0,0
5.944103227e+02,0,0
5.811103037e+02,0,0
5.655169078e+02,0,0
5.476916750e+02,0,0
5.277049534e+02,0,0
5.056356215e+02,0,0
4.815707767e+02,0,0
4.556053921e+02,0,0
4.278419412e+02,0,0
3.983899936e+02,0,0
3.673657827e+02,0,0
3.348917469e+02,0,0
3.010960463e+02,0,0
2.661120572e+02,0,0
2.300778454e+02,0,0
1.931356215e+02,0,0
1.554311795e+02,0,0
1.171133216e+02,0,0
7.833327098e+01,0,0
3.924407471e+01,0,0
5.511684322e-12,0,0
-3.924407471e+01,0,0
-7.833327098e+01,0,0
-1.171133216e+02,0,0
-1.554311795e+02,0,0
-1.931356215e+02,0,0
-2.300778454e+02,0,0
-2.661120572e+02,0,0
-3.010960463e+02,0,0
-3.348917469e+02,0,0
-3.673657827e+02,0,0
-3.983899936e+02,0,0
-4.278419412e+02,0,0
-4.556053921e+02,0,0
-4.815707767e+02,0,0
-5.056356215e+02,0,0
-5.277049534e+02,0,0
-5.476916750e+02,0,0
-5.655169078e+02,0,0
-5.811103037e+02,0,0
-5.944103227e+02,0,0
-6.053644757e+02,0,0
-6.139295317e+02,0,0
-6.200716883e+02,0,0
-6.237667053e+02,0,0
-6.250000000e+02,0,0
-6.237667053e+02,0,0
-6.200716883e+02,0,0
-6.139295317e+02,0,0
-6.053644757e+02,0,0
-5.944103227e+02,0,0
-5.811103037e+02,0,0
-5.655169078e+02,0,0
-5.476916750e+02,0,0
-5.277049534e+02,0,0
-5.056356215e+02,0,0
-4.815707767e+02,0,0
-4.556053921e+02,0,0
-4.278419412e+02,0,0
-3.983899936e+02,0,0
-3.673657827e+02,0,0
-3.348917469e+02,0,0
-3.010960463e+02,0,0
-2.661120572e+02,0,0
-2.300778454e+02,0,0
-1.931356215e+02,0,0
-1.554311795e+02,0,0
-1.171133216e+02,0,0
-7.833327098e+01,0,0
-3.924407471e+01,0,0
5.514005499e-12,0,0
3.924407471e+01,0,0
7.833327098e+01,0,0
1.171133216e+02,0,0
1.554311795e+02,0,0
1.931356215e+02,0,0
2.300778454e+02,0,0
2.661120572e+02,0,0
3.010960463e+02,0,0
3.348917469e+02,0,0
3.673657827e+02,0,0
3.983899936e+02,0,0
4.278419412e+02,0,0
4.556053921e+02,0,0
4.815707767e+02,0,0
5.056356215e+02,0,0
5.277049534e+02,0,0
5.476916750e+02,0,0
5.655169078e+02,0,0
5.811103037e+02,0,0
5.944103227e+02,0,0
6.053644757e+02,0,0
6.139295317e+02,0,0
6.200716883e+02,0,0
6.237667053e+02,0,0
6.250000000e+02,0,0
6.237667053e+02,0,0
6.200716883e+02,0,0
6.139295317e+02,0,0
6.053644757e+02,0,0
5.944103227e+02,0,0
5.811103037e+02,0,0
5.655169078e+02,0,0
5.476916750e+02,0,0
5.277049534e+02,0,0
5.056356215e+02,0,0
4.815707767e+02,0,0
4.556053921e+02,0,0
4.278419412e+02,0,0
3.983899936e+02,0,0
3.673657827e+02,0,0
3.348917469e+02,0,0
3.010960463e+02,0,0
2.661120572e+02,0,0
2.300778454e+02,0,0
1.931356215e+02,0,0
1.554311795e+02,0,0
1.171133216e+02,0,0
7.833327098e+01,0,0
3.924407471e+01,0,0
1.223873073e-12,0,0
-3.924407471e+01,0,0
-7.833327098e+01,0,0
-1.171133216e+02,0,0
-1.554311795e+02,0,0
-1.931356215e+02,0,0
-2.300778454e+02,0,0
-2.661120572e+02,0,0
-3.010960463e+02,0,0
-3.348917469e+02,0,0
-3.673657827e+02,0,0
-3.983899936e+02,0,0
-4.278419412e+02,0,0
-4.556053921e+02,0,0
-4.815707767e+02,0,0
-5.056356215e+02,0,0
-5.277049534e+02,0,0
-5.476916750e+02,0,0
-5.655169078e+02,0,0
-5.811103037e+02,0,0
-5.944103227e+02,0,0
-6.053644757e+02,0,0
-6.139295317e+02,0,0
-6.200716883e+02,0,0
-6.237667053e+02,0,0
-6.250000000e+02,0,0
-6.237667053e+02,0,0
-6.200716883e+02,0,0
-6.139295317e+02,0,0
-6.053644757e+02,0,0
-5.944103227e+02,0,0
-5.811103037e+02,0,0
-5.655169078e+02,0,0
-5.476916750e+02,0,0
-5.277049534e+02,0,0
-5.056356215e+02,0,0
-4.815707767e+02,0,0
-4.556053921e+02,0,0
-4.278419412e+02,0,0
-3.983899936e+02,0,0
-3.673657827e+02,0,0
-3.348917469e+02,0,0
-3.010960463e+02,0,0
-2.661120572e+02,0,0
-2.300778454e+02,0,0
-1.931356215e+02,0,0
-1.554311795e+02,0,0
-1.171133216e+02,0,0
-7.833327098e+01,0,0
-3.924407471e+01,0,0
9.801816748e-12,0,0
3.924407471e+01,0,0
7.833327098e+01,0,0
1.171133216e+02,0,0
1.554311795e+02,0,0
1.931356215e+02,0,0
2.300778454e+02,0,0
2.661120572e+02,0,0
3.010960463e+02,0,0
3.348917469e+02,0,0
3.673657827e+02,0,0
3.983899936e+02,0,0
4.278419412e+02,0,0
4.556053921e+02,0,0
4.815707767e+02,0,0
5.056356215e+02,0,0
5.277049534e+02,0,0
5.476916750e+02,0,0
5.655169078e+02,0,0
5.811103037e+02,0,0
5.944103227e+02,0,0
6.053644757e+02,0,0
6.139295317e+02,0,0
6.200716883e+02,0,0
6.237667053e+02,0,0
6.250000000e+02,0,0
6.237667053e+02,0,0
6.200716883e+02,0,0
6.139295317e+02,0,0
6.053644757e+02,0,0
5.944103227e+02,0,0
5.811103037e+02,0,0
5.655169078e+02,0,0
5.476916750e+02,0,0
5.277049534e+02,0,0
5.056356215e+02,0,0
4.815707767e+02,0,0
4.556053921e+02,0,0
4.278419412e+02,0,0
3.983899936e+02,0,0
3.673657827e+02,0,0
3.348917469e+02,0,0
3.010960463e+02,0,0
2.661120572e+02,0,0
2.300778454e+02,0,0
1.931356215e+02,0,0
1.554311795e+02,0,0
1.171133216e+02,0,0
7.833327098e+01,0,0
3.924407471e+01,0,0
-3.063938175e-12,0,0
-3.924407471e+01,0,0
-7.833327098e+01,0,0
-1.171133216e+02,0,0
-1.554311795e+02,0,0
-1.931356215e+02,0,0
-2.300778454e+02,0,0
-2.661120572e+02,0,0
-3.010960463e+02,0,0
-3.348917469e+02,0,0
-3.673657827e+02,0,0
-3.983899936e+02,0,0
-4.278419412e+02,0,0
-4.556053921e+02,0,0
-4.815707767e+02,0,0
-5.056356215e+02,0,0
-5.277049534e+02,0,0
-5.476916750e+02,0,0
-5.655169078e+02,0,0
-5.811103037e+02,0,0
-5.944103227e+02,0,0
-6.053644757e+02,0,0
-6.139295317e+02,0,0
-6.200716883e+02,0,0
-6.237667053e+02,0,0
-6.250000000e+02,0,0
-6.237667053e+02,0,0
-6.200716883e+02,0,0
-6.139295317e+02,0,0
-6.053644757e+02,0,0
-5.944103227e+02,0,0
-5.811103037e+02,0,0
-5.655169078e+02,0,0
-5.476916750e+02,0,0
-5.277049534e+02,0,0
-5.056356215e+02,0,0
-4.815707767e+02,0,0
-4.556053921e+02,0,0
-4.278419412e+02,0,0
-3.983899936e+02,0,0
-3.673657827e+02,0,0
-3.348917469e+02,0,0
-3.010960463e+02,0,0
-2.661120572e+02,0,0
-2.300778454e+02,0,0
-1.931356215e+02,0,0
-1.554311795e+02,0,0
-1.171133216e+02,0,0
-7.833327098e+01,0,0
-3.924407471e+01,0,0
-3.673940397e-12,0,0
3.924407471e+01,0,0
7.833327098e+01,0,0
1.171133216e+02,0,0
1.554311795e+02,0,0
1.931356215e+02,0,0
2.300778454e+02,0,0
2.661120572e+02,0,0
3.010960463e+02,0,0
3.348917469e+02,0,0
3.673657827e+02,0,0
3.983899936e+02,0,0
4.278419412e+02,0,0
4.556053921e+02,0,0
4.815707767e+02,0,0
5.056356215e+02,0,0
5.277049534e+02,0,0
5.476916750e+02,0,0
5.655169078e+02,0,0
5.811103037e+02,0,0
5.944103227e+02,0,0
6.053644757e+02,0,0
6.139295317e+02,0,0
6.200716883e+02,0,0
6.237667053e+02,0,0
6.250000000e+02,0,0
6.237667053e+02,0,0
6.200716883e+02,0,0
6.139295317e+02,0,0
6.053644757e+02,0,0
5.944103227e+02,0,0
5.811103037e+02,0,0
5.655169078e+02,0,0
5.476916750e+02,0,0
5.277049534e+02,0,0
5.056356215e+02,0,0
4.815707767e+02,0,0
4.556053921e+02,0,0
4.278419412e+02,0,0
3.983899936e+02,0,0
3.673657827e+02,0,0
3.348917469e+02,0,0
3.010960463e+02,0,0
2.661120572e+02,0,0
2.300778454e+02,0,0
1.931356215e+02,0,0
1.554311795e+02,0,0
1.171133216e+02,0,0
7.833327098e+01,0,0
3.924407471e+01,0,0
-7.351749424e-12,0,0
-3.924407471e+01,0,0
-7.833327098e+01,0,0
-1.171133216e+02,0,0
-1.554311795e+02,0,0
-1.931356215e+02,0,0
-2.300778454e+02,0,0
-2.661120572e+02,0,0
-3.010960463e+02,0,0
-3.348917469e+02,0,0
-3.673657827e+02,0,0
-3.983899936e+02,0,0
-4.278419412e+02,0,0
-4.556053921e+02,0,0
-4.815707767e+02,0,0
-5.056356215e+02,0,0
-5.277049534e+02,0,0
-5.476916750e+02,0,0
-5.655169078e+02,0,0
-5.811103037e+02,0,0
-5.944103227e+02,0,0
-6.053644757e+02,0,0
-6.139295317e+02,0,0
-6.200716883e+02,0,0
-6.237667053e+02,0,0
-6.250000000e+02,0,0
-6.237667053e+02,0,0
-6.200716883e+02,0,0
-6.139295317e+02,0,0
-6.053644757e+02,0,0
-5.944103227e+02,0,0
-5.811103037e+02,0,0
-5.655169078e+02,0,0
-5.476916750e+02,0,0
-5.277049534e+02,0,0
-5.056356215e+02,0,0
-4.815707767e+02,0,0
-4.556053921e+02,0,0
-4.278419412e+02,0,0
-3.983899936e+02,0,0
-3.673657827e+02,0,0
-3.348917469e+02,0,0
-3.010960463e+02,0,0
-2.661120572e+02,0,0
-2.300778454e+02,0,0
-1.931356215e+02,0,0
-1.554311795e+02,0,0
-1.171133216e+02,0,0
-7.833327098e+01,0,0
-3.924407471e+01,0,0
