0.000000000e+00,0,0
8.960207137e+01,0,0
1.788505243e+02,0,0
2.673931359e+02,0,0
3.548804690e+02,0,0
4.409672510e+02,0,0
5.253137367e+02,0,0
6.075870491e+02,0,0
6.874624929e+02,0,0
7.646248364e+02,0,0
8.387695550e+02,0,0
9.096040334e+02,0,0
9.768487202e+02,0,0
1.040238231e+03,0,0
1.099522397e+03,0,0
1.154467251e+03,0,0
1.204855950e+03,0,0
1.250489632e+03,0,0
1.291188204e+03,0,0
1.326791045e+03,0,0
1.357157649e+03,0,0
1.382168171e+03,0,0
1.401723907e+03,0,0
1.415747679e+03,0,0
1.424184141e+03,0,0
1.427000000e+03,0,0
1.424184141e+03,0,0
1.415747679e+03,0,0
1.401723907e+03,0,0
1.382168171e+03,0,0
1.357157649e+03,0,0
1.326791045e+03,0,0
1.291188204e+03,0,0
1.250489632e+03,0,0
1.204855950e+03,0,0
1.154467251e+03,0,0
1.099522397e+03,0,0
1.040238231e+03,0,0
9.768487202e+02,0,0
9.096040334e+02,0,0
8.387695550e+02,0,0
7.646248364e+02,0,0
6.874624929e+02,0,0
6.075870491e+02,0,0
5.253137367e+02,0,0
4.409672510e+02,0,0
3.548804690e+02,0,0
2.673931359e+02,0,0
1.788505243e+02,0,0
8.960207137e+01,0,0
1.747570982e-13,0,0
-8.960207137e+01,0,0
-1.788505243e+02,0,0
-2.673931359e+02,0,0
-3.548804690e+02,0,0
-4.409672510e+02,0,0
-5.253137367e+02,0,0
-6.075870491e+02,0,0
-6.874624929e+02,0,0
-7.646248364e+02,0,0
-8.387695550e+02,0,0
-9.096040334e+02,0,0
-9.768487202e+02,0,0
-1.040238231e+03,0,0
-1.099522397e+03,0,0
-1.154467251e+03,0,0
-1.204855950e+03,0,0
-1.250489632e+03,0,0
-1.291188204e+03,0,0
-1.326791045e+03,0,0
-1.357157649e+03,0,0
-1.382168171e+03,0,0
-1.401723907e+03,0,0
-1.415747679e+03,0,0
-1.424184141e+03,0,0
-1.427000000e+03,0,0
-1.424184141e+03,0,0
-1.415747679e+03,0,0
-1.401723907e+03,0,0
-1.382168171e+03,0,0
-1.357157649e+03,0,0
-1.326791045e+03,0,0
-1.291188204e+03,0,0
-1.250489632e+03,0,0
-1.204855950e+03,0,0
-1.154467251e+03,0,0
-1.099522397e+03,0,0
-1.040238231e+03,0,0
-9.768487202e+02,0,0
-9.096040334e+02,0,0
-8.387695550e+02,0,0
-7.646248364e+02,0,0
-6.874624929e+02,0,0
-6.075870491e+02,0,0
-5.253137367e+02,0,0
-4.409672510e+02,0,0
-3.548804690e+02,0,0
-2.673931359e+02,0,0
-1.788505243e+02,0,0
-8.960207137e+01,0,0
-3.495141965e-13,0,0
8.960207137e+01,0,0
1.788505243e+02,0,0
2.673931359e+02,0,0
3.548804690e+02,0,0
4.409672510e+02,0,0
5.253137367e+02,0,0
6.075870491e+02,0,0
6.874624929e+02,0,0
7.646248364e+02,0,0
8.387695550e+02,0,0
9.096040334e+02,0,0
9.768487202e+02,0,0
1.040238231e+03,0,0
1.099522397e+03,0,0
1.154467251e+03,0,0
1.204855950e+03,0,0
1.250489632e+03,0,0
1.291188204e+03,0,0
1.326791045e+03,0,0
1.357157649e+03,0,0
1.382168171e+03,0,0
1.401723907e+03,0,0
1.415747679e+03,0,0
1.424184141e+03,0,0
1.427000000e+03,0,0
1.424184141e+03,0,0
1.415747679e+03,0,0
1.401723907e+03,0,0
1.382168171e+03,0,0
1.357157649e+03,0,0
1.326791045e+03,0,0
1.291188204e+03,0,0
1.250489632e+03,0,0
1.204855950e+03,0,0
1.154467251e+03,0,0
1.099522397e+03,0,0
1.040238231e+03,0,0
9.768487202e+02,0,0
9.096040334e+02,0,0
8.387695550e+02,0,0
7.646248364e+02,0,0
6.874624929e+02,0,0
6.075870491e+02,0,0
5.253137367e+02,0,0
4.409672510e+02,0,0
3.548804690e+02,0,0
2.673931359e+02,0,0
1.788505243e+02,0,0
8.960207137e+01,0,0
5.242712947e-13,0,0
-8.960207137e+01,0,0
-1.788505243e+02,0,0
-2.673931359e+02,0,0
-3.548804690e+02,0,0
-4.409672510e+02,0,0
-5.253137367e+02,0,0
-6.075870491e+02,0,0
-6.874624929e+02,0,0
-7.646248364e+02,0,0
-8.387695550e+02,0,0
-9.096040334e+02,0,0
-9.768487202e+02,0,0
-1.040238231e+03,0,0
-1.099522397e+03,0,0
-1.154467251e+03,0,0
-1.204855950e+03,0,0
-1.250489632e+03,0,0
-1.291188204e+03,0,0
-1.326791045e+03,0,0
-1.357157649e+03,0,0
-1.382168171e+03,0,0
-1.401723907e+03,0,0
-1.415747679e+03,0,0
-1.424184141e+03,0,0
-1.427000000e+03,0,0
-1.424184141e+03,0,0
-1.415747679e+03,0,0
-1.401723907e+03,0,0
-1.382168171e+03,0,0
-1.357157649e+03,0,0
-1.326791045e+03,0,0
-1.291188204e+03,0,0
-1.250489632e+03,0,0
-1.204855950e+03,0,0
-1.154467251e+03,0,0
-1.099522397e+03,0,0
-1.040238231e+03,0,0
-9.768487202e+02,0,0
-9.096040334e+02,0,0
-8.387695550e+02,0,0
-7.646248364e+02,0,0
-6.874624929e+02,0,0
-6.075870491e+02,0,0
-5.253137367e+02,0,0
-4.409672510e+02,0,0
-3.548804690e+02,0,0
-2.673931359e+02,0,0
-1.788505243e+02,0,0
-8.960207137e+01,0,0
-6.990283930e-13,0,0
8.960207137e+01,0,0
1.788505243e+02,0,0
2.673931359e+02,0,0
3.548804690e+02,0,0
4.409672510e+02,0,0
5.253137367e+02,0,0
6.075870491e+02,0,0
6.874624929e+02,0,0
7.646248364e+02,0,0
8.387695550e+02,0,0
9.096040334e+02,0,0
9.768487202e+02,0,0
1.040238231e+03,0,0
1.099522397e+03,0,0
1.154467251e+03,0,0
1.204855950e+03,0,0
1.250489632e+03,0,0
1.291188204e+03,0,0
1.326791045e+03,0,0
1.357157649e+03,0,0
1.382168171e+03,0,0
1.401723907e+03,0,0
1.415747679e+03,0,0
1.424184141e+03,0,0
1.427000000e+03,0,0
1.424184141e+03,0,0
1.415747679e+03,0,0
1.401723907e+03,0,0
1.382168171e+03,0,0
1.357157649e+03,0,0
1.326791045e+03,0,0
1.291188204e+03,0,0
1.250489632e+03,0,0
1.204855950e+03,0,0
1.154467251e+03,0,0
1.099522397e+03,0,0
1.040238231e+03,0,0
9.768487202e+02,0,0
9.096040334e+02,0,0
8.387695550e+02,0,0
7.646248364e+02,0,0
6.874624929e+02,0,0
6.075870491e+02,0,0
5.253137367e+02,0,0
4.409672510e+02,0,0
3.548804690e+02,0,0
2.673931359e+02,0,0
1.788505243e+02,0,0
8.960207137e+01,0,0
8.737854912e-13,0,0
-8.960207137e+01,0,0
-1.788505243e+02,0,0
-2.673931359e+02,0,0
-3.548804690e+02,0,0
-4.409672510e+02,0,0
-5.253137367e+02,0,0
-6.075870491e+02,0,0
-6.874624929e+02,0,0
-7.646248364e+02,0,0
-8.387695550e+02,0,0
-9.096040334e+02,0,0
-9.768487202e+02,0,0
-1.040238231e+03,0,0
-1.099522397e+03,0,0
-1.154467251e+03,0,0
-1.204855950e+03,0,0
-1.250489632e+03,0,0
-1.291188204e+03,0,0
-1.326791045e+03,0,0
-1.357157649e+03,0,0
-1.382168171e+03,0,0
-1.401723907e+03,0,0
-1.415747679e+03,0,0
-1.424184141e+03,0,0
-1.427000000e+03,0,0
-1.424184141e+03,0,0
-1.415747679e+03,0,0
-1.401723907e+03,0,0
-1.382168171e+03,0,0
-1.357157649e+03,0,0
-1.326791045e+03,0,0
-1.291188204e+03,0,0
-1.250489632e+03,0,0
-1.204855950e+03,0,0
-1.154467251e+03,0,0
-1.099522397e+03,0,0
-1.040238231e+03,0,0
-9.768487202e+02,0,0
-9.096040334e+02,0,0
-8.387695550e+02,0,0
-7.646248364e+02,0,0
-6.874624929e+02,0,0
-6.075870491e+02,0,0
-5.253137367e+02,0,0
-4.409672510e+02,0,0
-3.548804690e+02,0,0
-2.673931359e+02,0,0
-1.788505243e+02,0,0
-8.960207137e+01,0,0
-1.048542589e-12,0,0
8.960207137e+01,0,0
1.788505243e+02,0,0
2.673931359e+02,0,0
3.548804690e+02,0,0
4.409672510e+02,0,0
5.253137367e+02,0,0
6.075870491e+02,0,0
6.874624929e+02,0,0
7.646248364e+02,0,0
8.387695550e+02,0,0
9.096040334e+02,0,0
9.768487202e+02,0,0
1.040238231e+03,0,0
1.099522397e+03,0,0
1.154467251e+03,0,0
1.204855950e+03,0,0
1.250489632e+03,0,0
1.291188204e+03,0,0
1.326791045e+03,0,0
1.357157649e+03,0,0
1.382168171e+03,0,0
1.401723907e+03,0,0
1.415747679e+03,0,0
1.424184141e+03,0,0
1.427000000e+03,0,0
1.424184141e+03,0,0
1.415747679e+03,0,0
1.401723907e+03,0,0
1.382168171e+03,0,0
1.357157649e+03,0,0
1.326791045e+03,0,0
1.291188204e+03,0,0
1.250489632e+03,0,0
1.204855950e+03,0,0
1.154467251e+03,0,0
1.099522397e+03,0,0
1.040238231e+03,0,0
9.768487202e+02,0,0
9.096040334e+02,0,0
8.387695550e+02,0,0
7.646248364e+02,0,0
6.874624929e+02,0,0
6.075870491e+02,0,0
5.253137367e+02,0,0
4.409672510e+02,0,0
3.548804690e+02,0,0
2.673931359e+02,0,0
1.788505243e+02,0,0
8.960207137e+01,0,0
-3.846422732e-12,0,0
-8.960207137e+01,0,0
-1.788505243e+02,0,0
-2.673931359e+02,0,0
-3.548804690e+02,0,0
-4.409672510e+02,0,0
-5.253137367e+02,0,0
-6.075870491e+02,0,0
-6.874624929e+02,0,0
-7.646248364e+02,0,0
-8.387695550e+02,0,0
-9.096040334e+02,0,0
-9.768487202e+02,0,0
-1.040238231e+03,0,0
-1.099522397e+03,0,0
-1.154467251e+03,0,0
-1.204855950e+03,0,0
-1.250489632e+03,0,0
-1.291188204e+03,0,0
-1.326791045e+03,0,0
-1.357157649e+03,0,0
-1.382168171e+03,0,0
-1.401723907e+03,0,0
-1.415747679e+03,0,0
-1.424184141e+03,0,0
-1.427000000e+03,0,0
-1.424184141e+03,0,0
-1.415747679e+03,0,0
-1.401723907e+03,0,0
-1.382168171e+03,0,0
-1.357157649e+03,0,0
-1.326791045e+03,0,0
-1.291188204e+03,0,0
-1.250489632e+03,0,0
-1.204855950e+03,0,0
-1.154467251e+03,0,0
-1.099522397e+03,0,0
-1.040238231e+03,0,0
-9.768487202e+02,0,0
-9.096040334e+02,0,0
-8.387695550e+02,0,0
-7.646248364e+02,0,0
-6.874624929e+02,0,0
-6.075870491e+02,0,0
-5.253137367e+02,0,0
-4.409672510e+02,0,0
-3.548804690e+02,0,0
-2.673931359e+02,0,0
-1.788505243e+02,0,0
-8.960207137e+01,0,0
-1.398056786e-12,0,0
8.960207137e+01,0,0
1.788505243e+02,0,0
2.673931359e+02,0,0
3.548804690e+02,0,0
4.409672510e+02,0,0
5.253137367e+02,0,0
6.075870491e+02,0,0
6.874624929e+02,0,0
7.646248364e+02,0,0
8.387695550e+02,0,0
9.096040334e+02,0,0
9.768487202e+02,0,0
1.040238231e+03,0,0
1.099522397e+03,0,0
1.154467251e+03,0,0
1.204855950e+03,0,0
1.250489632e+03,0,0
1.291188204e+03,0,0
1.326791045e+03,0,0
1.357157649e+03,0,0
1.382168171e+03,0,0
1.401723907e+03,0,0
1.415747679e+03,0,0
1.424184141e+03,0,0
1.427000000e+03,0,0
1.424184141e+03,0,0
1.415747679e+03,0,0
1.401723907e+03,0,0
1.382168171e+03,0,0
1.357157649e+03,0,0
1.326791045e+03,0,0
1.291188204e+03,0,0
1.250489632e+03,0,0
1.204855950e+03,0,0
1.154467251e+03,0,0
1.099522397e+03,0,0
1.040238231e+03,0,0
9.768487202e+02,0,0
9.096040334e+02,0,0
8.387695550e+02,0,0
7.646248364e+02,0,0
6.874624929e+02,0,0
6.075870491e+02,0,0
5.253137367e+02,0,0
4.409672510e+02,0,0
3.548804690e+02,0,0
2.673931359e+02,0,0
1.788505243e+02,0,0
8.960207137e+01,0,0
1.572813884e-12,0,0
-8.960207137e+01,0,0
-1.788505243e+02,0,0
-2.673931359e+02,0,0
-3.548804690e+02,0,0
-4.409672510e+02,0,0
-5.253137367e+02,0,0
-6.075870491e+02,0,0
-6.874624929e+02,0,0
-7.646248364e+02,0,0
-8.387695550e+02,0,0
-9.096040334e+02,0,0
-9.768487202e+02,0,0
-1.040238231e+03,0,0
-1.099522397e+03,0,0
-1.154467251e+03,0,0
-1.204855950e+03,0,0
-1.250489632e+03,0,0
-1.291188204e+03,0,0
-1.326791045e+03,0,0
-1.357157649e+03,0,0
-1.382168171e+03,0,0
-1.401723907e+03,0,0
-1.415747679e+03,0,0
-1.424184141e+03,0,0
-1.427000000e+03,0,0
-1.424184141e+03,0,0
-1.415747679e+03,0,0
-1.401723907e+03,0,0
-1.382168171e+03,0,0
-1.357157649e+03,0,0
-1.326791045e+03,0,0
-1.291188204e+03,0,0
-1.250489632e+03,0,0
-1.204855950e+03,0,0
-1.154467251e+03,0,0
-1.099522397e+03,0,0
-1.040238231e+03,0,0
-9.768487202e+02,0,0
-9.096040334e+02,0,0
-8.387695550e+02,0,0
-7.646248364e+02,0,0
-6.874624929e+02,0,0
-6.075870491e+02,0,0
-5.253137367e+02,0,0
-4.409672510e+02,0,0
-3.548804690e+02,0,0
-2.673931359e+02,0,0
-1.788505243e+02,0,0
-8.960207137e+01,0,0
-1.747570982e-12,0,0
8.960207137e+01,0,0
1.788505243e+02,0,0
2.673931359e+02,0,0
3.548804690e+02,0,0
4.409672510e+02,0,0
5.253137367e+02,0,0
6.075870491e+02,0,0
6.874624929e+02,0,0
7.646248364e+02,0,0
8.387695550e+02,0,0
9.096040334e+02,0,0
9.768487202e+02,0,0
1.040238231e+03,0,0
1.099522397e+03,0,0
1.154467251e+03,0,0
1.204855950e+03,0,0
1.250489632e+03,0,0
1.291188204e+03,0,0
1.326791045e+03,0,0
1.357157649e+03,0,0
1.382168171e+03,0,0
1.401723907e+03,0,0
1.415747679e+03,0,0
1.424184141e+03,0,0
1.427000000e+03,0,0
1.424184141e+03,0,0
1.415747679e+03,0,0
1.401723907e+03,0,0
1.382168171e+03,0,0
1.357157649e+03,0,0
1.326791045e+03,0,0
1.291188204e+03,0,0
1.250489632e+03,0,0
1.204855950e+03,0,0
1.154467251e+03,0,0
1.099522397e+03,0,0
1.040238231e+03,0,0
9.768487202e+02,0,0
9.096040334e+02,0,0
8.387695550e+02,0,0
7.646248364e+02,0,0
6.874624929e+02,0,0
6.075870491e+02,0,0
5.253137367e+02,0,0
4.409672510e+02,0,0
3.548804690e+02,0,0
2.673931359e+02,0,0
1.788505243e+02,0,0
8.960207137e+01,0,0
-3.147394339e-12,0,0
-8.960207137e+01,0,0
-1.788505243e+02,0,0
-2.673931359e+02,0,0
-3.548804690e+02,0,0
-4.409672510e+02,0,0
-5.253137367e+02,0,0
-6.075870491e+02,0,0
-6.874624929e+02,0,0
-7.646248364e+02,0,0
-8.387695550e+02,0,0
-9.096040334e+02,0,0
-9.768487202e+02,0,0
-1.040238231e+03,0,0
-1.099522397e+03,0,0
-1.154467251e+03,0,0
-1.204855950e+03,0,0
-1.250489632e+03,0,0
-1.291188204e+03,0,0
-1.326791045e+03,0,0
-1.357157649e+03,0,0
-1.382168171e+03,0,0
-1.401723907e+03,0,0
-1.415747679e+03,0,0
-1.424184141e+03,0,0
-1.427000000e+03,0,0
-1.424184141e+03,0,0
-1.415747679e+03,0,0
-1.401723907e+03,0,0
-1.382168171e+03,0,0
-1.357157649e+03,0,0
-1.326791045e+03,0,0
-1.291188204e+03,0,0
-1.250489632e+03,0,0
-1.204855950e+03,0,0
-1.154467251e+03,0,0
-1.099522397e+03,0,0
-1.040238231e+03,0,0
-9.768487202e+02,0,0
-9.096040334e+02,0,0
-8.387695550e+02,0,0
-7.646248364e+02,0,0
-6.874624929e+02,0,0
-6.075870491e+02,0,0
-5.253137367e+02,0,0
-4.409672510e+02,0,0
-3.548804690e+02,0,0
-2.673931359e+02,0,0
-1.788505243e+02,0,0
-8.960207137e+01,0,0
-2.097085179e-12,0,0
8.960207137e+01,0,0
1.788505243e+02,0,0
2.673931359e+02,0,0
3.548804690e+02,0,0
4.409672510e+02,0,0
5.253137367e+02,0,0
6.075870491e+02,0,0
6.874624929e+02,0,0
7.646248364e+02,0,0
8.387695550e+02,0,0
9.096040334e+02,0,0
9.768487202e+02,0,0
1.040238231e+03,0,0
1.099522397e+03,0,0
1.154467251e+03,0,0
1.204855950e+03,0,0
1.250489632e+03,0,0
1.291188204e+03,0,0
1.326791045e+03,0,0
1.357157649e+03,0,0
1.382168171e+03,0,0
1.401723907e+03,0,0
1.415747679e+03,0,0
1.424184141e+03,0,0
1.427000000e+03,0,0
1.424184141e+03,0,0
1.415747679e+03,0,0
1.401723907e+03,0,0
1.382168171e+03,0,0
1.357157649e+03,0,0
1.326791045e+03,0,0
1.291188204e+03,0,0
1.250489632e+03,0,0
1.204855950e+03,0,0
1.154467251e+03,0,0
1.099522397e+03,0,0
1.040238231e+03,0,0
9.768487202e+02,0,0
9.096040334e+02,0,0
8.387695550e+02,0,0
7.646248364e+02,0,0
6.874624929e+02,0,0
6.075870491e+02,0,0
5.253137367e+02,0,0
4.409672510e+02,0,0
3.548804690e+02,0,0
2.673931359e+02,0,0
1.788505243e+02,0,0
8.960207137e+01,0,0
-2.797880143e-12,0,0
-8.960207137e+01,0,0
-1.788505243e+02,0,0
-2.673931359e+02,0,0
-3.548804690e+02,0,0
-4.409672510e+02,0,0
-5.253137367e+02,0,0
-6.075870491e+02,0,0
-6.874624929e+02,0,0
-7.646248364e+02,0,0
-8.387695550e+02,0,0
-9.096040334e+02,0,0
-9.768487202e+02,0,0
-1.040238231e+03,0,0
-1.099522397e+03,0,0
-1.154467251e+03,0,0
-1.204855950e+03,0,0
-1.250489632e+03,0,0
-1.291188204e+03,0,0
-1.326791045e+03,0,0
-1.357157649e+03,0,0
-1.382168171e+03,0,0
-1.401723907e+03,0,0
-1.415747679e+03,0,0
-1.424184141e+03,0,0
-1.427000000e+03,0,0
-1.424184141e+03,0,0
-1.415747679e+03,0,0
-1.401723907e+03,0,0
-1.382168171e+03,0,0
-1.357157649e+03,0,0
-1.326791045e+03,0,0
-1.291188204e+03,0,0
-1.250489632e+03,0,0
-1.204855950e+03,0,0
-1.154467251e+03,0,0
-1.099522397e+03,0,0
-1.040238231e+03,0,0
-9.768487202e+02,0,0
-9.096040334e+02,0,0
-8.387695550e+02,0,0
-7.646248364e+02,0,0
-6.874624929e+02,0,0
-6.075870491e+02,0,0
-5.253137367e+02,0,0
-4.409672510e+02,0,0
-3.548804690e+02,0,0
-2.673931359e+02,0,0
-1.788505243e+02,0,0
-8.960207137e+01,0,0
7.692845464e-12,0,0
8.960207137e+01,0,0
1.788505243e+02,0,0
2.673931359e+02,0,0
3.548804690e+02,0,0
4.409672510e+02,0,0
5.253137367e+02,0,0
6.075870491e+02,0,0
6.874624929e+02,0,0
7.646248364e+02,0,0
8.387695550e+02,0,0
9.096040334e+02,0,0
9.768487202e+02,0,0
1.040238231e+03,0,0
1.099522397e+03,0,0
1.154467251e+03,0,0
1.204855950e+03,0,0
1.250489632e+03,0,0
1.291188204e+03,0,0
1.326791045e+03,0,0
1.357157649e+03,0,0
1.382168171e+03,0,0
1.401723907e+03,0,0
1.415747679e+03,0,0
1.424184141e+03,0,0
1.427000000e+03,0,0
1.424184141e+03,0,0
1.415747679e+03,0,0
1.401723907e+03,0,0
1.382168171e+03,0,0
1.357157649e+03,0,0
1.326791045e+03,0,0
1.291188204e+03,0,0
1.250489632e+03,0,0
1.204855950e+03,0,0
1.154467251e+03,0,0
1.099522397e+03,0,0
1.040238231e+03,0,0
9.768487202e+02,0,0
9.096040334e+02,0,0
8.387695550e+02,0,0
7.646248364e+02,0,0
6.874624929e+02,0,0
6.075870491e+02,0,0
5.253137367e+02,0,0
4.409672510e+02,0,0
3.548804690e+02,0,0
2.673931359e+02,0,0
1.788505243e+02,0,0
8.960207137e+01,0,0
7.691078893e-12,0,0
-8.960207137e+01,0,0
-1.788505243e+02,0,0
-2.673931359e+02,0,0
-3.548804690e+02,0,0
-4.409672510e+02,0,0
-5.253137367e+02,0,0
-6.075870491e+02,0,0
-6.874624929e+02,0,0
-7.646248364e+02,0,0
-8.387695550e+02,0,0
-9.096040334e+02,0,0
-9.768487202e+02,0,0
-1.040238231e+03,0,0
-1.099522397e+03,0,0
-1.154467251e+03,0,0
-1.204855950e+03,0,0
-1.250489632e+03,0,0
-1.291188204e+03,0,0
-1.326791045e+03,0,0
-1.357157649e+03,0,0
-1.382168171e+03,0,0
-1.401723907e+03,0,0
-1.415747679e+03,0,0
-1.424184141e+03,0,0
-1.427000000e+03,0,0
-1.424184141e+03,0,0
-1.415747679e+03,0,0
-1.401723907e+03,0,0
-1.382168171e+03,0,0
-1.357157649e+03,0,0
-1.326791045e+03,0,0
-1.291188204e+03,0,0
-1.250489632e+03,0,0
-1.204855950e+03,0,0
-1.154467251e+03,0,0
-1.099522397e+03,0,0
-1.040238231e+03,0,0
-9.768487202e+02,0,0
-9.096040334e+02,0,0
-8.387695550e+02,0,0
-7.646248364e+02,0,0
-6.874624929e+02,0,0
-6.075870491e+02,0,0
-5.253137367e+02,0,0
-4.409672510e+02,0,0
-3.548804690e+02,0,0
-2.673931359e+02,0,0
-1.788505243e+02,0,0
-8.960207137e+01,0,0
-2.796113572e-12,0,0
8.960207137e+01,0,0
1.788505243e+02,0,0
2.673931359e+02,0,0
3.548804690e+02,0,0
4.409672510e+02,0,0
5.253137367e+02,0,0
6.075870491e+02,0,0
6.874624929e+02,0,0
7.646248364e+02,0,0
8.387695550e+02,0,0
9.096040334e+02,0,0
9.768487202e+02,0,0
1.040238231e+03,0,0
1.099522397e+03,0,0
1.154467251e+03,0,0
1.204855950e+03,0,0
1.250489632e+03,0,0
1.291188204e+03,0,0
1.326791045e+03,0,0
1.357157649e+03,0,0
1.382168171e+03,0,0
1.401723907e+03,0,0
1.415747679e+03,0,0
1.424184141e+03,0,0
1.427000000e+03,0,0
1.424184141e+03,0,0
1.415747679e+03,0,0
1.401723907e+03,0,0
1.382168171e+03,0,0
1.357157649e+03,0,0
1.326791045e+03,0,0
1.291188204e+03,0,0
1.250489632e+03,0,0
1.204855950e+03,0,0
1.154467251e+03,0,0
1.099522397e+03,0,0
1.040238231e+03,0,0
9.768487202e+02,0,0
9.096040334e+02,0,0
8.387695550e+02,0,0
7.646248364e+02,0,0
6.874624929e+02,0,0
6.075870491e+02,0,0
5.253137367e+02,0,0
4.409672510e+02,0,0
3.548804690e+02,0,0
2.673931359e+02,0,0
1.788505243e+02,0,0
8.960207137e+01,0,0
8.040593090e-12,0,0
-8.960207137e+01,0,0
-1.788505243e+02,0,0
-2.673931359e+02,0,0
-3.548804690e+02,0,0
-4.409672510e+02,0,0
-5.253137367e+02,0,0
-6.075870491e+02,0,0
-6.874624929e+02,0,0
-7.646248364e+02,0,0
-8.387695550e+02,0,0
-9.096040334e+02,0,0
-9.768487202e+02,0,0
-1.040238231e+03,0,0
-1.099522397e+03,0,0
-1.154467251e+03,0,0
-1.204855950e+03,0,0
-1.250489632e+03,0,0
-1.291188204e+03,0,0
-1.326791045e+03,0,0
-1.357157649e+03,0,0
-1.382168171e+03,0,0
-1.401723907e+03,0,0
-1.415747679e+03,0,0
-1.424184141e+03,0,0
-1.427000000e+03,0,0
-1.424184141e+03,0,0
-1.415747679e+03,0,0
-1.401723907e+03,0,0
-1.382168171e+03,0,0
-1.357157649e+03,0,0
-1.326791045e+03,0,0
-1.291188204e+03,0,0
-1.250489632e+03,0,0
-1.204855950e+03,0,0
-1.154467251e+03,0,0
-1.099522397e+03,0,0
-1.040238231e+03,0,0
-9.768487202e+02,0,0
-9.096040334e+02,0,0
-8.387695550e+02,0,0
-7.646248364e+02,0,0
-6.874624929e+02,0,0
-6.075870491e+02,0,0
-5.253137367e+02,0,0
-4.409672510e+02,0,0
-3.548804690e+02,0,0
-2.673931359e+02,0,0
-1.788505243e+02,0,0
-8.960207137e+01,0,0
-3.145627768e-12,0,0
8.960207137e+01,0,0
1.788505243e+02,0,0
2.673931359e+02,0,0
3.548804690e+02,0,0
4.409672510e+02,0,0
5.253137367e+02,0,0
6.075870491e+02,0,0
6.874624929e+02,0,0
7.646248364e+02,0,0
8.387695550e+02,0,0
9.096040334e+02,0,0
9.768487202e+02,0,0
1.040238231e+03,0,0
1.099522397e+03,0,0
1.154467251e+03,0,0
1.204855950e+03,0,0
1.250489632e+03,0,0
1.291188204e+03,0,0
1.326791045e+03,0,0
1.357157649e+03,0,0
1.382168171e+03,0,0
1.401723907e+03,0,0
1.415747679e+03,0,0
1.424184141e+03,0,0
1.427000000e+03,0,0
1.424184141e+03,0,0
1.415747679e+03,0,0
1.401723907e+03,0,0
1.382168171e+03,0,0
1.357157649e+03,0,0
1.326791045e+03,0,0
1.291188204e+03,0,0
1.250489632e+03,0,0
1.204855950e+03,0,0
1.154467251e+03,0,0
1.099522397e+03,0,0
1.040238231e+03,0,0
9.768487202e+02,0,0
9.096040334e+02,0,0
8.387695550e+02,0,0
7.646248364e+02,0,0
6.874624929e+02,0,0
6.075870491e+02,0,0
5.253137367e+02,0,0
4.409672510e+02,0,0
3.548804690e+02,0,0
2.673931359e+02,0,0
1.788505243e+02,0,0
8.960207137e+01,0,0
-1.749337553e-12,0,0
-8.960207137e+01,0,0
-1.788505243e+02,0,0
-2.673931359e+02,0,0
-3.548804690e+02,0,0
-4.409672510e+02,0,0
-5.253137367e+02,0,0
-6.075870491e+02,0,0
-6.874624929e+02,0,0
-7.646248364e+02,0,0
-8.387695550e+02,0,0
-9.096040334e+02,0,0
-9.768487202e+02,0,0
-1.040238231e+03,0,0
-1.099522397e+03,0,0
-1.154467251e+03,0,0
-1.204855950e+03,0,0
-1.250489632e+03,0,0
-1.291188204e+03,0,0
-1.326791045e+03,0,0
-1.357157649e+03,0,0
-1.382168171e+03,0,0
-1.401723907e+03,0,0
-1.415747679e+03,0,0
-1.424184141e+03,0,0
-1.427000000e+03,0,0
-1.424184141e+03,0,0
-1.415747679e+03,0,0
-1.401723907e+03,0,0
-1.382168171e+03,0,0
-1.357157649e+03,0,0
-1.326791045e+03,0,0
-1.291188204e+03,0,0
-1.250489632e+03,0,0
-1.204855950e+03,0,0
-1.154467251e+03,0,0
-1.099522397e+03,0,0
-1.040238231e+03,0,0
-9.768487202e+02,0,0
-9.096040334e+02,0,0
-8.387695550e+02,0,0
-7.646248364e+02,0,0
-6.874624929e+02,0,0
-6.075870491e+02,0,0
-5.253137367e+02,0,0
-4.409672510e+02,0,0
-3.548804690e+02,0,0
-2.673931359e+02,0,0
-1.788505243e+02,0,0
-8.960207137e+01,0,0
-3.495141965e-12,0,0
8.960207137e+01,0,0
1.788505243e+02,0,0
2.673931359e+02,0,0
3.548804690e+02,0,0
4.409672510e+02,0,0
5.253137367e+02,0,0
6.075870491e+02,0,0
6.874624929e+02,0,0
7.646248364e+02,0,0
8.387695550e+02,0,0
9.096040334e+02,0,0
9.768487202e+02,0,0
1.040238231e+03,0,0
1.099522397e+03,0,0
1.154467251e+03,0,0
1.204855950e+03,0,0
1.250489632e+03,0,0
1.291188204e+03,0,0
1.326791045e+03,0,0
1.357157649e+03,0,0
1.382168171e+03,0,0
1.401723907e+03,0,0
1.415747679e+03,0,0
1.424184141e+03,0,0
1.427000000e+03,0,0
1.424184141e+03,0,0
1.415747679e+03,0,0
1.401723907e+03,0,0
1.382168171e+03,0,0
1.357157649e+03,0,0
1.326791045e+03,0,0
1.291188204e+03,0,0
1.250489632e+03,0,0
1.204855950e+03,0,0
1.154467251e+03,0,0
1.099522397e+03,0,0
1.040238231e+03,0,0
9.768487202e+02,0,0
9.096040334e+02,0,0
8.387695550e+02,0,0
7.646248364e+02,0,0
6.874624929e+02,0,0
6.075870491e+02,0,0
5.253137367e+02,0,0
4.409672510e+02,0,0
3.548804690e+02,0,0
2.673931359e+02,0,0
1.788505243e+02,0,0
8.960207137e+01,0,0
-1.399823357e-12,0,0
-8.960207137e+01,0,0
-1.788505243e+02,0,0
-2.673931359e+02,0,0
-3.548804690e+02,0,0
-4.409672510e+02,0,0
-5.253137367e+02,0,0
-6.075870491e+02,0,0
-6.874624929e+02,0,0
-7.646248364e+02,0,0
-8.387695550e+02,0,0
-9.096040334e+02,0,0
-9.768487202e+02,0,0
-1.040238231e+03,0,0
-1.099522397e+03,0,0
-1.154467251e+03,0,0
-1.204855950e+03,0,0
-1.250489632e+03,0,0
-1.291188204e+03,0,0
-1.326791045e+03,0,0
-1.357157649e+03,0,0
-1.382168171e+03,0,0
-1.401723907e+03,0,0
-1.415747679e+03,0,0
-1.424184141e+03,0,0
-1.427000000e+03,0,0
-1.424184141e+03,0,0
-1.415747679e+03,0,0
-1.401723907e+03,0,0
-1.382168171e+03,0,0
-1.357157649e+03,0,0
-1.326791045e+03,0,0
-1.291188204e+03,0,0
-1.250489632e+03,0,0
-1.204855950e+03,0,0
-1.154467251e+03,0,0
-1.099522397e+03,0,0
-1.040238231e+03,0,0
-9.768487202e+02,0,0
-9.096040334e+02,0,0
-8.387695550e+02,0,0
-7.646248364e+02,0,0
-6.874624929e+02,0,0
-6.075870491e+02,0,0
-5.253137367e+02,0,0
-4.409672510e+02,0,0
-3.548804690e+02,0,0
-2.673931359e+02,0,0
-1.788505243e+02,0,0
-8.960207137e+01,0,0
6.294788678e-12,0,0
8.960207137e+01,0,0
1.788505243e+02,0,0
2.673931359e+02,0,0
3.548804690e+02,0,0
4.409672510e+02,0,0
5.253137367e+02,0,0
6.075870491e+02,0,0
6.874624929e+02,0,0
7.646248364e+02,0,0
8.387695550e+02,0,0
9.096040334e+02,0,0
9.768487202e+02,0,0
1.040238231e+03,0,0
1.099522397e+03,0,0
1.154467251e+03,0,0
1.204855950e+03,0,0
1.250489632e+03,0,0
1.291188204e+03,0,0
1.326791045e+03,0,0
1.357157649e+03,0,0
1.382168171e+03,0,0
1.401723907e+03,0,0
1.415747679e+03,0,0
1.424184141e+03,0,0
1.427000000e+03,0,0
1.424184141e+03,0,0
1.415747679e+03,0,0
1.401723907e+03,0,0
1.382168171e+03,0,0
1.357157649e+03,0,0
1.326791045e+03,0,0
1.291188204e+03,0,0
1.250489632e+03,0,0
1.204855950e+03,0,0
1.154467251e+03,0,0
1.099522397e+03,0,0
1.040238231e+03,0,0
9.768487202e+02,0,0
9.096040334e+02,0,0
8.387695550e+02,0,0
7.646248364e+02,0,0
6.874624929e+02,0,0
6.075870491e+02,0,0
5.253137367e+02,0,0
4.409672510e+02,0,0
3.548804690e+02,0,0
2.673931359e+02,0,0
1.788505243e+02,0,0
8.960207137e+01,0,0
-1.118975400e-11,0,0
-8.960207137e+01,0,0
-1.788505243e+02,0,0
-2.673931359e+02,0,0
-3.548804690e+02,0,0
-4.409672510e+02,0,0
-5.253137367e+02,0,0
-6.075870491e+02,0,0
-6.874624929e+02,0,0
-7.646248364e+02,0,0
-8.387695550e+02,0,0
-9.096040334e+02,0,0
-9.768487202e+02,0,0
-1.040238231e+03,0,0
-1.099522397e+03,0,0
-1.154467251e+03,0,0
-1.204855950e+03,0,0
-1.250489632e+03,0,0
-1.291188204e+03,0,0
-1.326791045e+03,0,0
-1.357157649e+03,0,0
-1.382168171e+03,0,0
-1.401723907e+03,0,0
-1.415747679e+03,0,0
-1.424184141e+03,0,0
-1.427000000e+03,0,0
-1.424184141e+03,0,0
-1.415747679e+03,0,0
-1.401723907e+03,0,0
-1.382168171e+03,0,0
-1.357157649e+03,0,0
-1.326791045e+03,0,0
-1.291188204e+03,0,0
-1.250489632e+03,0,0
-1.204855950e+03,0,0
-1.154467251e+03,0,0
-1.099522397e+03,0,0
-1.040238231e+03,0,0
-9.768487202e+02,0,0
-9.096040334e+02,0,0
-8.387695550e+02,0,0
-7.646248364e+02,0,0
-6.874624929e+02,0,0
-6.075870491e+02,0,0
-5.253137367e+02,0,0
-4.409672510e+02,0,0
-3.548804690e+02,0,0
-2.673931359e+02,0,0
-1.788505243e+02,0,0
-8.960207137e+01,0,0
-4.194170358e-12,0,0
8.960207137e+01,0,0
1.788505243e+02,0,0
2.673931359e+02,0,0
3.548804690e+02,0,0
4.409672510e+02,0,0
5.253137367e+02,0,0
6.075870491e+02,0,0
6.874624929e+02,0,0
7.646248364e+02,0,0
8.387695550e+02,0,0
9.096040334e+02,0,0
9.768487202e+02,0,0
1.040238231e+03,0,0
1.099522397e+03,0,0
1.154467251e+03,0,0
1.204855950e+03,0,0
1.250489632e+03,0,0
1.291188204e+03,0,0
1.326791045e+03,0,0
1.357157649e+03,0,0
1.382168171e+03,0,0
1.401723907e+03,0,0
1.415747679e+03,0,0
1.424184141e+03,0,0
1.427000000e+03,0,0
1.424184141e+03,0,0
1.415747679e+03,0,0
1.401723907e+03,0,0
1.382168171e+03,0,0
1.357157649e+03,0,0
1.326791045e+03,0,0
1.291188204e+03,0,0
1.250489632e+03,0,0
1.204855950e+03,0,0
1.154467251e+03,0,0
1.099522397e+03,0,0
1.040238231e+03,0,0
9.768487202e+02,0,0
9.096040334e+02,0,0
8.387695550e+02,0,0
7.646248364e+02,0,0
6.874624929e+02,0,0
6.075870491e+02,0,0
5.253137367e+02,0,0
4.409672510e+02,0,0
3.548804690e+02,0,0
2.673931359e+02,0,0
1.788505243e+02,0,0
8.960207137e+01,0,0
-7.007949637e-13,0,0
-8.960207137e+01,0,0
-1.788505243e+02,0,0
-2.673931359e+02,0,0
-3.548804690e+02,0,0
-4.409672510e+02,0,0
-5.253137367e+02,0,0
-6.075870491e+02,0,0
-6.874624929e+02,0,0
-7.646248364e+02,0,0
-8.387695550e+02,0,0
-9.096040334e+02,0,0
-9.768487202e+02,0,0
-1.040238231e+03,0,0
-1.099522397e+03,0,0
-1.154467251e+03,0,0
-1.204855950e+03,0,0
-1.250489632e+03,0,0
-1.291188204e+03,0,0
-1.326791045e+03,0,0
-1.357157649e+03,0,0
-1.382168171e+03,0,0
-1.401723907e+03,0,0
-1.415747679e+03,0,0
-1.424184141e+03,0,0
-1.427000000e+03,0,0
-1.424184141e+03,0,0
-1.415747679e+03,0,0
-1.401723907e+03,0,0
-1.382168171e+03,0,0
-1.357157649e+03,0,0
-1.326791045e+03,0,0
-1.291188204e+03,0,0
-1.250489632e+03,0,0
-1.204855950e+03,0,0
-1.154467251e+03,0,0
-1.099522397e+03,0,0
-1.040238231e+03,0,0
-9.768487202e+02,0,0
-9.096040334e+02,0,0
-8.387695550e+02,0,0
-7.646248364e+02,0,0
-6.874624929e+02,0,0
-6.075870491e+02,0,0
-5.253137367e+02,0,0
-4.409672510e+02,0,0
-3.548804690e+02,0,0
-2.673931359e+02,0,0
-1.788505243e+02,0,0
-8.960207137e+01,0,0
5.595760285e-12,0,0
8.960207137e+01,0,0
1.788505243e+02,0,0
2.673931359e+02,0,0
3.548804690e+02,0,0
4.409672510e+02,0,0
5.253137367e+02,0,0
6.075870491e+02,0,0
6.874624929e+02,0,0
7.646248364e+02,0,0
8.387695550e+02,0,0
9.096040334e+02,0,0
9.768487202e+02,0,0
1.040238231e+03,0,0
1.099522397e+03,0,0
1.154467251e+03,0,0
1.204855950e+03,0,0
1.250489632e+03,0,0
1.291188204e+03,0,0
1.326791045e+03,0,0
1.357157649e+03,0,0
1.382168171e+03,0,0
1.401723907e+03,0,0
1.415747679e+03,0,0
1.424184141e+03,0,0
1.427000000e+03,0,0
1.424184141e+03,0,0
1.415747679e+03,0,0
1.401723907e+03,0,0
1.382168171e+03,0,0
1.357157649e+03,0,0
1.326791045e+03,0,0
1.291188204e+03,0,0
1.250489632e+03,0,0
1.204855950e+03,0,0
1.154467251e+03,0,0
1.099522397e+03,0,0
1.040238231e+03,0,0
9.768487202e+02,0,0
9.096040334e+02,0,0
8.387695550e+02,0,0
7.646248364e+02,0,0
6.874624929e+02,0,0
6.075870491e+02,0,0
5.253137367e+02,0,0
4.409672510e+02,0,0
3.548804690e+02,0,0
2.673931359e+02,0,0
1.788505243e+02,0,0
8.960207137e+01,0,0
-1.049072561e-11,0,0
-8.960207137e+01,0,0
-1.788505243e+02,0,0
-2.673931359e+02,0,0
-3.548804690e+02,0,0
-4.409672510e+02,0,0
-5.253137367e+02,0,0
-6.075870491e+02,0,0
-6.874624929e+02,0,0
-7.646248364e+02,0,0
-8.387695550e+02,0,0
-9.096040334e+02,0,0
-9.768487202e+02,0,0
-1.040238231e+03,0,0
-1.099522397e+03,0,0
-1.154467251e+03,0,0
-1.204855950e+03,0,0
-1.250489632e+03,0,0
-1.291188204e+03,0,0
-1.326791045e+03,0,0
-1.357157649e+03,0,0
-1.382168171e+03,0,0
-1.401723907e+03,0,0
-1.415747679e+03,0,0
-1.424184141e+03,0,0
-1.427000000e+03,0,0
-1.424184141e+03,0,0
-1.415747679e+03,0,0
-1.401723907e+03,0,0
-1.382168171e+03,0,0
-1.357157649e+03,0,0
-1.326791045e+03,0,0
-1.291188204e+03,0,0
-1.250489632e+03,0,0
-1.204855950e+03,0,0
-1.154467251e+03,0,0
-1.099522397e+03,0,0
-1.040238231e+03,0,0
-9.768487202e+02,0,0
-9.096040334e+02,0,0
-8.387695550e+02,0,0
-7.646248364e+02,0,0
-6.874624929e+02,0,0
-6.075870491e+02,0,0
-5.253137367e+02,0,0
-4.409672510e+02,0,0
-3.548804690e+02,0,0
-2.673931359e+02,0,0
-1.788505243e+02,0,0
-8.960207137e+01,0,0
1.538569093e-11,0,0
8.960207137e+01,0,0
1.788505243e+02,0,0
2.673931359e+02,0,0
3.548804690e+02,0,0
4.409672510e+02,0,0
5.253137367e+02,0,0
6.075870491e+02,0,0
6.874624929e+02,0,0
7.646248364e+02,0,0
8.387695550e+02,0,0
9.096040334e+02,0,0
9.768487202e+02,0,0
1.040238231e+03,0,0
1.099522397e+03,0,0
1.154467251e+03,0,0
1.204855950e+03,0,0
1.250489632e+03,0,0
1.291188204e+03,0,0
1.326791045e+03,0,0
1.357157649e+03,0,0
1.382168171e+03,0,0
1.401723907e+03,0,0
1.415747679e+03,0,0
1.424184141e+03,0,0
1.427000000e+03,0,0
1.424184141e+03,0,0
1.415747679e+03,0,0
1.401723907e+03,0,0
1.382168171e+03,0,0
1.357157649e+03,0,0
1.326791045e+03,0,0
1.291188204e+03,0,0
1.250489632e+03,0,0
1.204855950e+03,0,0
1.154467251e+03,0,0
1.099522397e+03,0,0
1.040238231e+03,0,0
9.768487202e+02,0,0
9.096040334e+02,0,0
8.387695550e+02,0,0
7.646248364e+02,0,0
6.874624929e+02,0,0
6.075870491e+02,0,0
5.253137367e+02,0,0
4.409672510e+02,0,0
3.548804690e+02,0,0
2.673931359e+02,0,0
1.788505243e+02,0,0
8.960207137e+01,0,0
-1.766570737e-15,0,0
-8.960207137e+01,0,0
-1.788505243e+02,0,0
-2.673931359e+02,0,0
-3.548804690e+02,0,0
-4.409672510e+02,0,0
-5.253137367e+02,0,0
-6.075870491e+02,0,0
-6.874624929e+02,0,0
-7.646248364e+02,0,0
-8.387695550e+02,0,0
-9.096040334e+02,0,0
-9.768487202e+02,0,0
-1.040238231e+03,0,0
-1.099522397e+03,0,0
-1.154467251e+03,0,0
-1.204855950e+03,0,0
-1.250489632e+03,0,0
-1.291188204e+03,0,0
-1.326791045e+03,0,0
-1.357157649e+03,0,0
-1.382168171e+03,0,0
-1.401723907e+03,0,0
-1.415747679e+03,0,0
-1.424184141e+03,0,0
-1.427000000e+03,0,0
-1.424184141e+03,0,0
-1.415747679e+03,0,0
-1.401723907e+03,0,0
-1.382168171e+03,0,0
-1.357157649e+03,0,0
-1.326791045e+03,0,0
-1.291188204e+03,0,0
-1.250489632e+03,0,0
-1.204855950e+03,0,0
-1.154467251e+03,0,0
-1.099522397e+03,0,0
-1.040238231e+03,0,0
-9.768487202e+02,0,0
-9.096040334e+02,0,0
-8.387695550e+02,0,0
-7.646248364e+02,0,0
-6.874624929e+02,0,0
-6.075870491e+02,0,0
-5.253137367e+02,0,0
-4.409672510e+02,0,0
-3.548804690e+02,0,0
-2.673931359e+02,0,0
-1.788505243e+02,0,0
-8.960207137e+01,0,0
-1.538215779e-11,0,0
8.960207137e+01,0,0
1.788505243e+02,0,0
2.673931359e+02,0,0
3.548804690e+02,0,0
4.409672510e+02,0,0
5.253137367e+02,0,0
6.075870491e+02,0,0
6.874624929e+02,0,0
7.646248364e+02,0,0
8.387695550e+02,0,0
9.096040334e+02,0,0
9.768487202e+02,0,0
1.040238231e+03,0,0
1.099522397e+03,0,0
1.154467251e+03,0,0
1.204855950e+03,0,0
1.250489632e+03,0,0
1.291188204e+03,0,0
1.326791045e+03,0,0
1.357157649e+03,0,0
1.382168171e+03,0,0
1.401723907e+03,0,0
1.415747679e+03,0,0
1.424184141e+03,0,0
1.427000000e+03,0,0
1.424184141e+03,0,0
1.415747679e+03,0,0
1.401723907e+03,0,0
1.382168171e+03,0,0
1.357157649e+03,0,0
1.326791045e+03,0,0
1.291188204e+03,0,0
1.250489632e+03,0,0
1.204855950e+03,0,0
1.154467251e+03,0,0
1.099522397e+03,0,0
1.040238231e+03,0,0
9.768487202e+02,0,0
9.096040334e+02,0,0
8.387695550e+02,0,0
7.646248364e+02,0,0
6.874624929e+02,0,0
6.075870491e+02,0,0
5.253137367e+02,0,0
4.409672510e+02,0,0
3.548804690e+02,0,0
2.673931359e+02,0,0
1.788505243e+02,0,0
8.960207137e+01,0,0
1.048719247e-11,0,0
-8.960207137e+01,0,0
-1.788505243e+02,0,0
-2.673931359e+02,0,0
-3.548804690e+02,0,0
-4.409672510e+02,0,0
-5.253137367e+02,0,0
-6.075870491e+02,0,0
-6.874624929e+02,0,0
-7.646248364e+02,0,0
-8.387695550e+02,0,0
-9.096040334e+02,0,0
-9.768487202e+02,0,0
-1.040238231e+03,0,0
-1.099522397e+03,0,0
-1.154467251e+03,0,0
-1.204855950e+03,0,0
-1.250489632e+03,0,0
-1.291188204e+03,0,0
-1.326791045e+03,0,0
-1.357157649e+03,0,0
-1.382168171e+03,0,0
-1.401723907e+03,0,0
-1.415747679e+03,0,0
-1.424184141e+03,0,0
-1.427000000e+03,0,0
-1.424184141e+03,0,0
-1.415747679e+03,0,0
-1.401723907e+03,0,0
-1.382168171e+03,0,0
-1.357157649e+03,0,0
-1.326791045e+03,0,0
-1.291188204e+03,0,0
-1.250489632e+03,0,0
-1.204855950e+03,0,0
-1.154467251e+03,0,0
-1.099522397e+03,0,0
-1.040238231e+03,0,0
-9.768487202e+02,0,0
-9.096040334e+02,0,0
-8.387695550e+02,0,0
-7.646248364e+02,0,0
-6.874624929e+02,0,0
-6.075870491e+02,0,0
-5.253137367e+02,0,0
-4.409672510e+02,0,0
-3.548804690e+02,0,0
-2.673931359e+02,0,0
-1.788505243e+02,0,0
-8.960207137e+01,0,0
-5.592227144e-12,0,0
8.960207137e+01,0,0
1.788505243e+02,0,0
2.673931359e+02,0,0
3.548804690e+02,0,0
4.409672510e+02,0,0
5.253137367e+02,0,0
6.075870491e+02,0,0
6.874624929e+02,0,0
7.646248364e+02,0,0
8.387695550e+02,0,0
9.096040334e+02,0,0
9.768487202e+02,0,0
1.040238231e+03,0,0
1.099522397e+03,0,0
1.154467251e+03,0,0
1.204855950e+03,0,0
1.250489632e+03,0,0
1.291188204e+03,0,0
1.326791045e+03,0,0
1.357157649e+03,0,0
1.382168171e+03,0,0
1.401723907e+03,0,0
1.415747679e+03,0,0
1.424184141e+03,0,0
1.427000000e+03,0,0
1.424184141e+03,0,0
1.415747679e+03,0,0
1.401723907e+03,0,0
1.382168171e+03,0,0
1.357157649e+03,0,0
1.326791045e+03,0,0
1.291188204e+03,0,0
1.250489632e+03,0,0
1.204855950e+03,0,0
1.154467251e+03,0,0
1.099522397e+03,0,0
1.040238231e+03,0,0
9.768487202e+02,0,0
9.096040334e+02,0,0
8.387695550e+02,0,0
7.646248364e+02,0,0
6.874624929e+02,0,0
6.075870491e+02,0,0
5.253137367e+02,0,0
4.409672510e+02,0,0
3.548804690e+02,0,0
2.673931359e+02,0,0
1.788505243e+02,0,0
8.960207137e+01,0,0
6.972618222e-13,0,0
-8.960207137e+01,0,0
-1.788505243e+02,0,0
-2.673931359e+02,0,0
-3.548804690e+02,0,0
-4.409672510e+02,0,0
-5.253137367e+02,0,0
-6.075870491e+02,0,0
-6.874624929e+02,0,0
-7.646248364e+02,0,0
-8.387695550e+02,0,0
-9.096040334e+02,0,0
-9.768487202e+02,0,0
-1.040238231e+03,0,0
-1.099522397e+03,0,0
-1.154467251e+03,0,0
-1.204855950e+03,0,0
-1.250489632e+03,0,0
-1.291188204e+03,0,0
-1.326791045e+03,0,0
-1.357157649e+03,0,0
-1.382168171e+03,0,0
-1.401723907e+03,0,0
-1.415747679e+03,0,0
-1.424184141e+03,0,0
-1.427000000e+03,0,0
-1.424184141e+03,0,0
-1.415747679e+03,0,0
-1.401723907e+03,0,0
-1.382168171e+03,0,0
-1.357157649e+03,0,0
-1.326791045e+03,0,0
-1.291188204e+03,0,0
-1.250489632e+03,0,0
-1.204855950e+03,0,0
-1.154467251e+03,0,0
-1.099522397e+03,0,0
-1.040238231e+03,0,0
-9.768487202e+02,0,0
-9.096040334e+02,0,0
-8.387695550e+02,0,0
-7.646248364e+02,0,0
-6.874624929e+02,0,0
-6.075870491e+02,0,0
-5.253137367e+02,0,0
-4.409672510e+02,0,0
-3.548804690e+02,0,0
-2.673931359e+02,0,0
-1.788505243e+02,0,0
-8.960207137e+01,0,0
-1.608118618e-11,0,0
8.960207137e+01,0,0
1.788505243e+02,0,0
2.673931359e+02,0,0
3.548804690e+02,0,0
4.409672510e+02,0,0
5.253137367e+02,0,0
6.075870491e+02,0,0
6.874624929e+02,0,0
7.646248364e+02,0,0
8.387695550e+02,0,0
9.096040334e+02,0,0
9.768487202e+02,0,0
1.040238231e+03,0,0
1.099522397e+03,0,0
1.154467251e+03,0,0
1.204855950e+03,0,0
1.250489632e+03,0,0
1.291188204e+03,0,0
1.326791045e+03,0,0
1.357157649e+03,0,0
1.382168171e+03,0,0
1.401723907e+03,0,0
1.415747679e+03,0,0
1.424184141e+03,0,0
1.427000000e+03,0,0
1.424184141e+03,0,0
1.415747679e+03,0,0
1.401723907e+03,0,0
1.382168171e+03,0,0
1.357157649e+03,0,0
1.326791045e+03,0,0
1.291188204e+03,0,0
1.250489632e+03,0,0
1.204855950e+03,0,0
1.154467251e+03,0,0
1.099522397e+03,0,0
1.040238231e+03,0,0
9.768487202e+02,0,0
9.096040334e+02,0,0
8.387695550e+02,0,0
7.646248364e+02,0,0
6.874624929e+02,0,0
6.075870491e+02,0,0
5.253137367e+02,0,0
4.409672510e+02,0,0
3.548804690e+02,0,0
2.673931359e+02,0,0
1.788505243e+02,0,0
8.960207137e+01,0,0
1.118622086e-11,0,0
-8.960207137e+01,0,0
-1.788505243e+02,0,0
-2.673931359e+02,0,0
-3.548804690e+02,0,0
-4.409672510e+02,0,0
-5.253137367e+02,0,0
-6.075870491e+02,0,0
-6.874624929e+02,0,0
-7.646248364e+02,0,0
-8.387695550e+02,0,0
-9.096040334e+02,0,0
-9.768487202e+02,0,0
-1.040238231e+03,0,0
-1.099522397e+03,0,0
-1.154467251e+03,0,0
-1.204855950e+03,0,0
-1.250489632e+03,0,0
-1.291188204e+03,0,0
-1.326791045e+03,0,0
-1.357157649e+03,0,0
-1.382168171e+03,0,0
-1.401723907e+03,0,0
-1.415747679e+03,0,0
-1.424184141e+03,0,0
-1.427000000e+03,0,0
-1.424184141e+03,0,0
-1.415747679e+03,0,0
-1.401723907e+03,0,0
-1.382168171e+03,0,0
-1.357157649e+03,0,0
-1.326791045e+03,0,0
-1.291188204e+03,0,0
-1.250489632e+03,0,0
-1.204855950e+03,0,0
-1.154467251e+03,0,0
-1.099522397e+03,0,0
-1.040238231e+03,0,0
-9.768487202e+02,0,0
-9.096040334e+02,0,0
-8.387695550e+02,0,0
-7.646248364e+02,0,0
-6.874624929e+02,0,0
-6.075870491e+02,0,0
-5.253137367e+02,0,0
-4.409672510e+02,0,0
-3.548804690e+02,0,0
-2.673931359e+02,0,0
-1.788505243e+02,0,0
-8.960207137e+01,0,0
-6.291255537e-12,0,0
8.960207137e+01,0,0
1.788505243e+02,0,0
2.673931359e+02,0,0
3.548804690e+02,0,0
4.409672510e+02,0,0
5.253137367e+02,0,0
6.075870491e+02,0,0
6.874624929e+02,0,0
7.646248364e+02,0,0
8.387695550e+02,0,0
9.096040334e+02,0,0
9.768487202e+02,0,0
1.040238231e+03,0,0
1.099522397e+03,0,0
1.154467251e+03,0,0
1.204855950e+03,0,0
1.250489632e+03,0,0
1.291188204e+03,0,0
1.326791045e+03,0,0
1.357157649e+03,0,0
1.382168171e+03,0,0
1.401723907e+03,0,0
1.415747679e+03,0,0
1.424184141e+03,0,0
1.427000000e+03,0,0
1.424184141e+03,0,0
1.415747679e+03,0,0
1.401723907e+03,0,0
1.382168171e+03,0,0
1.357157649e+03,0,0
1.326791045e+03,0,0
1.291188204e+03,0,0
1.250489632e+03,0,0
1.204855950e+03,0,0
1.154467251e+03,0,0
1.099522397e+03,0,0
1.040238231e+03,0,0
9.768487202e+02,0,0
9.096040334e+02,0,0
8.387695550e+02,0,0
7.646248364e+02,0,0
6.874624929e+02,0,0
6.075870491e+02,0,0
5.253137367e+02,0,0
4.409672510e+02,0,0
3.548804690e+02,0,0
2.673931359e+02,0,0
1.788505243e+02,0,0
8.960207137e+01,0,0
1.396290215e-12,0,0
-8.960207137e+01,0,0
-1.788505243e+02,0,0
-2.673931359e+02,0,0
-3.548804690e+02,0,0
-4.409672510e+02,0,0
-5.253137367e+02,0,0
-6.075870491e+02,0,0
-6.874624929e+02,0,0
-7.646248364e+02,0,0
-8.387695550e+02,0,0
-9.096040334e+02,0,0
-9.768487202e+02,0,0
-1.040238231e+03,0,0
-1.099522397e+03,0,0
-1.154467251e+03,0,0
-1.204855950e+03,0,0
-1.250489632e+03,0,0
-1.291188204e+03,0,0
-1.326791045e+03,0,0
-1.357157649e+03,0,0
-1.382168171e+03,0,0
-1.401723907e+03,0,0
-1.415747679e+03,0,0
-1.424184141e+03,0,0
-1.427000000e+03,0,0
-1.424184141e+03,0,0
-1.415747679e+03,0,0
-1.401723907e+03,0,0
-1.382168171e+03,0,0
-1.357157649e+03,0,0
-1.326791045e+03,0,0
-1.291188204e+03,0,0
-1.250489632e+03,0,0
-1.204855950e+03,0,0
-1.154467251e+03,0,0
-1.099522397e+03,0,0
-1.040238231e+03,0,0
-9.768487202e+02,0,0
-9.096040334e+02,0,0
-8.387695550e+02,0,0
-7.646248364e+02,0,0
-6.874624929e+02,0,0
-6.075870491e+02,0,0
-5.253137367e+02,0,0
-4.409672510e+02,0,0
-3.548804690e+02,0,0
-2.673931359e+02,0,0
-1.788505243e+02,0,0
-8.960207137e+01,0,0
3.498675106e-12,0,0
8.960207137e+01,0,0
1.788505243e+02,0,0
2.673931359e+02,0,0
3.548804690e+02,0,0
4.409672510e+02,0,0
5.253137367e+02,0,0
6.075870491e+02,0,0
6.874624929e+02,0,0
7.646248364e+02,0,0
8.387695550e+02,0,0
9.096040334e+02,0,0
9.768487202e+02,0,0
1.040238231e+03,0,0
1.099522397e+03,0,0
1.154467251e+03,0,0
1.204855950e+03,0,0
1.250489632e+03,0,0
1.291188204e+03,0,0
1.326791045e+03,0,0
1.357157649e+03,0,0
1.382168171e+03,0,0
1.401723907e+03,0,0
1.415747679e+03,0,0
1.424184141e+03,0,0
1.427000000e+03,0,0
1.424184141e+03,0,0
1.415747679e+03,0,0
1.401723907e+03,0,0
1.382168171e+03,0,0
1.357157649e+03,0,0
1.326791045e+03,0,0
1.291188204e+03,0,0
1.250489632e+03,0,0
1.204855950e+03,0,0
1.154467251e+03,0,0
1.099522397e+03,0,0
1.040238231e+03,0,0
9.768487202e+02,0,0
9.096040334e+02,0,0
8.387695550e+02,0,0
7.646248364e+02,0,0
6.874624929e+02,0,0
6.075870491e+02,0,0
5.253137367e+02,0,0
4.409672510e+02,0,0
3.548804690e+02,0,0
2.673931359e+02,0,0
1.788505243e+02,0,0
8.960207137e+01,0,0
1.188524925e-11,0,0
-8.960207137e+01,0,0
-1.788505243e+02,0,0
-2.673931359e+02,0,0
-3.548804690e+02,0,0
-4.409672510e+02,0,0
-5.253137367e+02,0,0
-6.075870491e+02,0,0
-6.874624929e+02,0,0
-7.646248364e+02,0,0
-8.387695550e+02,0,0
-9.096040334e+02,0,0
-9.768487202e+02,0,0
-1.040238231e+03,0,0
-1.099522397e+03,0,0
-1.154467251e+03,0,0
-1.204855950e+03,0,0
-1.250489632e+03,0,0
-1.291188204e+03,0,0
-1.326791045e+03,0,0
-1.357157649e+03,0,0
-1.382168171e+03,0,0
-1.401723907e+03,0,0
-1.415747679e+03,0,0
-1.424184141e+03,0,0
-1.427000000e+03,0,0
-1.424184141e+03,0,0
-1.415747679e+03,0,0
-1.401723907e+03,0,0
-1.382168171e+03,0,0
-1.357157649e+03,0,0
-1.326791045e+03,0,0
-1.291188204e+03,0,0
-1.250489632e+03,0,0
-1.204855950e+03,0,0
-1.154467251e+03,0,0
-1.099522397e+03,0,0
-1.040238231e+03,0,0
-9.768487202e+02,0,0
-9.096040334e+02,0,0
-8.387695550e+02,0,0
-7.646248364e+02,0,0
-6.874624929e+02,0,0
-6.075870491e+02,0,0
-5.253137367e+02,0,0
-4.409672510e+02,0,0
-3.548804690e+02,0,0
-2.673931359e+02,0,0
-1.788505243e+02,0,0
-8.960207137e+01,0,0
-6.990283930e-12,0,0
8.960207137e+01,0,0
1.788505243e+02,0,0
2.673931359e+02,0,0
3.548804690e+02,0,0
4.409672510e+02,0,0
5.253137367e+02,0,0
6.075870491e+02,0,0
6.874624929e+02,0,0
7.646248364e+02,0,0
8.387695550e+02,0,0
9.096040334e+02,0,0
9.768487202e+02,0,0
1.040238231e+03,0,0
1.099522397e+03,0,0
1.154467251e+03,0,0
1.204855950e+03,0,0
1.250489632e+03,0,0
1.291188204e+03,0,0
1.326791045e+03,0,0
1.357157649e+03,0,0
1.382168171e+03,0,0
1.401723907e+03,0,0
1.415747679e+03,0,0
1.424184141e+03,0,0
1.427000000e+03,0,0
1.424184141e+03,0,0
1.415747679e+03,0,0
1.401723907e+03,0,0
1.382168171e+03,0,0
1.357157649e+03,0,0
1.326791045e+03,0,0
1.291188204e+03,0,0
1.250489632e+03,0,0
1.204855950e+03,0,0
1.154467251e+03,0,0
1.099522397e+03,0,0
1.040238231e+03,0,0
9.768487202e+02,0,0
9.096040334e+02,0,0
8.387695550e+02,0,0
7.646248364e+02,0,0
6.874624929e+02,0,0
6.075870491e+02,0,0
5.253137367e+02,0,0
4.409672510e+02,0,0
3.548804690e+02,0,0
2.673931359e+02,0,0
1.788505243e+02,0,0
8.960207137e+01,0,0
2.237420829e-11,0,0
-8.960207137e+01,0,0
-1.788505243e+02,0,0
-2.673931359e+02,0,0
-3.548804690e+02,0,0
-4.409672510e+02,0,0
-5.253137367e+02,0,0
-6.075870491e+02,0,0
-6.874624929e+02,0,0
-7.646248364e+02,0,0
-8.387695550e+02,0,0
-9.096040334e+02,0,0
-9.768487202e+02,0,0
-1.040238231e+03,0,0
-1.099522397e+03,0,0
-1.154467251e+03,0,0
-1.204855950e+03,0,0
-1.250489632e+03,0,0
-1.291188204e+03,0,0
-1.326791045e+03,0,0
-1.357157649e+03,0,0
-1.382168171e+03,0,0
-1.401723907e+03,0,0
-1.415747679e+03,0,0
-1.424184141e+03,0,0
-1.427000000e+03,0,0
-1.424184141e+03,0,0
-1.415747679e+03,0,0
-1.401723907e+03,0,0
-1.382168171e+03,0,0
-1.357157649e+03,0,0
-1.326791045e+03,0,0
-1.291188204e+03,0,0
-1.250489632e+03,0,0
-1.204855950e+03,0,0
-1.154467251e+03,0,0
-1.099522397e+03,0,0
-1.040238231e+03,0,0
-9.768487202e+02,0,0
-9.096040334e+02,0,0
-8.387695550e+02,0,0
-7.646248364e+02,0,0
-6.874624929e+02,0,0
-6.075870491e+02,0,0
-5.253137367e+02,0,0
-4.409672510e+02,0,0
-3.548804690e+02,0,0
-2.673931359e+02,0,0
-1.788505243e+02,0,0
-8.960207137e+01,0,0
2.799646713e-12,0,0
8.960207137e+01,0,0
1.788505243e+02,0,0
2.673931359e+02,0,0
3.548804690e+02,0,0
4.409672510e+02,0,0
5.253137367e+02,0,0
6.075870491e+02,0,0
6.874624929e+02,0,0
7.646248364e+02,0,0
8.387695550e+02,0,0
9.096040334e+02,0,0
9.768487202e+02,0,0
1.040238231e+03,0,0
1.099522397e+03,0,0
1.154467251e+03,0,0
1.204855950e+03,0,0
1.250489632e+03,0,0
1.291188204e+03,0,0
1.326791045e+03,0,0
1.357157649e+03,0,0
1.382168171e+03,0,0
1.401723907e+03,0,0
1.415747679e+03,0,0
1.424184141e+03,0,0
1.427000000e+03,0,0
1.424184141e+03,0,0
1.415747679e+03,0,0
1.401723907e+03,0,0
1.382168171e+03,0,0
1.357157649e+03,0,0
1.326791045e+03,0,0
1.291188204e+03,0,0
1.250489632e+03,0,0
1.204855950e+03,0,0
1.154467251e+03,0,0
1.099522397e+03,0,0
1.040238231e+03,0,0
9.768487202e+02,0,0
9.096040334e+02,0,0
8.387695550e+02,0,0
7.646248364e+02,0,0
6.874624929e+02,0,0
6.075870491e+02,0,0
5.253137367e+02,0,0
4.409672510e+02,0,0
3.548804690e+02,0,0
2.673931359e+02,0,0
1.788505243e+02,0,0
8.960207137e+01,0,0
1.258427764e-11,0,0
-8.960207137e+01,0,0
-1.788505243e+02,0,0
-2.673931359e+02,0,0
-3.548804690e+02,0,0
-4.409672510e+02,0,0
-5.253137367e+02,0,0
-6.075870491e+02,0,0
-6.874624929e+02,0,0
-7.646248364e+02,0,0
-8.387695550e+02,0,0
-9.096040334e+02,0,0
-9.768487202e+02,0,0
-1.040238231e+03,0,0
-1.099522397e+03,0,0
-1.154467251e+03,0,0
-1.204855950e+03,0,0
-1.250489632e+03,0,0
-1.291188204e+03,0,0
-1.326791045e+03,0,0
-1.357157649e+03,0,0
-1.382168171e+03,0,0
-1.401723907e+03,0,0
-1.415747679e+03,0,0
-1.424184141e+03,0,0
-1.427000000e+03,0,0
-1.424184141e+03,0,0
-1.415747679e+03,0,0
-1.401723907e+03,0,0
-1.382168171e+03,0,0
-1.357157649e+03,0,0
-1.326791045e+03,0,0
-1.291188204e+03,0,0
-1.250489632e+03,0,0
-1.204855950e+03,0,0
-1.154467251e+03,0,0
-1.099522397e+03,0,0
-1.040238231e+03,0,0
-9.768487202e+02,0,0
-9.096040334e+02,0,0
-8.387695550e+02,0,0
-7.646248364e+02,0,0
-6.874624929e+02,0,0
-6.075870491e+02,0,0
-5.253137367e+02,0,0
-4.409672510e+02,0,0
-3.548804690e+02,0,0
-2.673931359e+02,0,0
-1.788505243e+02,0,0
-8.960207137e+01,0,0
1.258957736e-11,0,0
8.960207137e+01,0,0
1.788505243e+02,0,0
2.673931359e+02,0,0
3.548804690e+02,0,0
4.409672510e+02,0,0
5.253137367e+02,0,0
6.075870491e+02,0,0
6.874624929e+02,0,0
7.646248364e+02,0,0
8.387695550e+02,0,0
9.096040334e+02,0,0
9.768487202e+02,0,0
1.040238231e+03,0,0
1.099522397e+03,0,0
1.154467251e+03,0,0
1.204855950e+03,0,0
1.250489632e+03,0,0
1.291188204e+03,0,0
1.326791045e+03,0,0
1.357157649e+03,0,0
1.382168171e+03,0,0
1.401723907e+03,0,0
1.415747679e+03,0,0
1.424184141e+03,0,0
1.427000000e+03,0,0
1.424184141e+03,0,0
1.415747679e+03,0,0
1.401723907e+03,0,0
1.382168171e+03,0,0
1.357157649e+03,0,0
1.326791045e+03,0,0
1.291188204e+03,0,0
1.250489632e+03,0,0
1.204855950e+03,0,0
1.154467251e+03,0,0
1.099522397e+03,0,0
1.040238231e+03,0,0
9.768487202e+02,0,0
9.096040334e+02,0,0
8.387695550e+02,0,0
7.646248364e+02,0,0
6.874624929e+02,0,0
6.075870491e+02,0,0
5.253137367e+02,0,0
4.409672510e+02,0,0
3.548804690e+02,0,0
2.673931359e+02,0,0
1.788505243e+02,0,0
8.960207137e+01,0,0
2.794347001e-12,0,0
-8.960207137e+01,0,0
-1.788505243e+02,0,0
-2.673931359e+02,0,0
-3.548804690e+02,0,0
-4.409672510e+02,0,0
-5.253137367e+02,0,0
-6.075870491e+02,0,0
-6.874624929e+02,0,0
-7.646248364e+02,0,0
-8.387695550e+02,0,0
-9.096040334e+02,0,0
-9.768487202e+02,0,0
-1.040238231e+03,0,0
-1.099522397e+03,0,0
-1.154467251e+03,0,0
-1.204855950e+03,0,0
-1.250489632e+03,0,0
-1.291188204e+03,0,0
-1.326791045e+03,0,0
-1.357157649e+03,0,0
-1.382168171e+03,0,0
-1.401723907e+03,0,0
-1.415747679e+03,0,0
-1.424184141e+03,0,0
-1.427000000e+03,0,0
-1.424184141e+03,0,0
-1.415747679e+03,0,0
-1.401723907e+03,0,0
-1.382168171e+03,0,0
-1.357157649e+03,0,0
-1.326791045e+03,0,0
-1.291188204e+03,0,0
-1.250489632e+03,0,0
-1.204855950e+03,0,0
-1.154467251e+03,0,0
-1.099522397e+03,0,0
-1.040238231e+03,0,0
-9.768487202e+02,0,0
-9.096040334e+02,0,0
-8.387695550e+02,0,0
-7.646248364e+02,0,0
-6.874624929e+02,0,0
-6.075870491e+02,0,0
-5.253137367e+02,0,0
-4.409672510e+02,0,0
-3.548804690e+02,0,0
-2.673931359e+02,0,0
-1.788505243e+02,0,0
-8.960207137e+01,0,0
2.237950800e-11,0,0
8.960207137e+01,0,0
1.788505243e+02,0,0
2.673931359e+02,0,0
3.548804690e+02,0,0
4.409672510e+02,0,0
5.253137367e+02,0,0
6.075870491e+02,0,0
6.874624929e+02,0,0
7.646248364e+02,0,0
8.387695550e+02,0,0
9.096040334e+02,0,0
9.768487202e+02,0,0
1.040238231e+03,0,0
1.099522397e+03,0,0
1.154467251e+03,0,0
1.204855950e+03,0,0
1.250489632e+03,0,0
1.291188204e+03,0,0
1.326791045e+03,0,0
1.357157649e+03,0,0
1.382168171e+03,0,0
1.401723907e+03,0,0
1.415747679e+03,0,0
1.424184141e+03,0,0
1.427000000e+03,0,0
1.424184141e+03,0,0
1.415747679e+03,0,0
1.401723907e+03,0,0
1.382168171e+03,0,0
1.357157649e+03,0,0
1.326791045e+03,0,0
1.291188204e+03,0,0
1.250489632e+03,0,0
1.204855950e+03,0,0
1.154467251e+03,0,0
1.099522397e+03,0,0
1.040238231e+03,0,0
9.768487202e+02,0,0
9.096040334e+02,0,0
8.387695550e+02,0,0
7.646248364e+02,0,0
6.874624929e+02,0,0
6.075870491e+02,0,0
5.253137367e+02,0,0
4.409672510e+02,0,0
3.548804690e+02,0,0
2.673931359e+02,0,0
1.788505243e+02,0,0
8.960207137e+01,0,0
-6.995583642e-12,0,0
-8.960207137e+01,0,0
-1.788505243e+02,0,0
-2.673931359e+02,0,0
-3.548804690e+02,0,0
-4.409672510e+02,0,0
-5.253137367e+02,0,0
-6.075870491e+02,0,0
-6.874624929e+02,0,0
-7.646248364e+02,0,0
-8.387695550e+02,0,0
-9.096040334e+02,0,0
-9.768487202e+02,0,0
-1.040238231e+03,0,0
-1.099522397e+03,0,0
-1.154467251e+03,0,0
-1.204855950e+03,0,0
-1.250489632e+03,0,0
-1.291188204e+03,0,0
-1.326791045e+03,0,0
-1.357157649e+03,0,0
-1.382168171e+03,0,0
-1.401723907e+03,0,0
-1.415747679e+03,0,0
-1.424184141e+03,0,0
-1.427000000e+03,0,0
-1.424184141e+03,0,0
-1.415747679e+03,0,0
-1.401723907e+03,0,0
-1.382168171e+03,0,0
-1.357157649e+03,0,0
-1.326791045e+03,0,0
-1.291188204e+03,0,0
-1.250489632e+03,0,0
-1.204855950e+03,0,0
-1.154467251e+03,0,0
-1.099522397e+03,0,0
-1.040238231e+03,0,0
-9.768487202e+02,0,0
-9.096040334e+02,0,0
-8.387695550e+02,0,0
-7.646248364e+02,0,0
-6.874624929e+02,0,0
-6.075870491e+02,0,0
-5.253137367e+02,0,0
-4.409672510e+02,0,0
-3.548804690e+02,0,0
-2.673931359e+02,0,0
-1.788505243e+02,0,0
-8.960207137e+01,0,0
-8.388340715e-12,0,0
8.960207137e+01,0,0
1.788505243e+02,0,0
2.673931359e+02,0,0
3.548804690e+02,0,0
4.409672510e+02,0,0
5.253137367e+02,0,0
6.075870491e+02,0,0
6.874624929e+02,0,0
7.646248364e+02,0,0
8.387695550e+02,0,0
9.096040334e+02,0,0
9.768487202e+02,0,0
1.040238231e+03,0,0
1.099522397e+03,0,0
1.154467251e+03,0,0
1.204855950e+03,0,0
1.250489632e+03,0,0
1.291188204e+03,0,0
1.326791045e+03,0,0
1.357157649e+03,0,0
1.382168171e+03,0,0
1.401723907e+03,0,0
1.415747679e+03,0,0
1.424184141e+03,0,0
1.427000000e+03,0,0
1.424184141e+03,0,0
1.415747679e+03,0,0
1.401723907e+03,0,0
1.382168171e+03,0,0
1.357157649e+03,0,0
1.326791045e+03,0,0
1.291188204e+03,0,0
1.250489632e+03,0,0
1.204855950e+03,0,0
1.154467251e+03,0,0
1.099522397e+03,0,0
1.040238231e+03,0,0
9.768487202e+02,0,0
9.096040334e+02,0,0
8.387695550e+02,0,0
7.646248364e+02,0,0
6.874624929e+02,0,0
6.075870491e+02,0,0
5.253137367e+02,0,0
4.409672510e+02,0,0
3.548804690e+02,0,0
2.673931359e+02,0,0
1.788505243e+02,0,0
8.960207137e+01,0,0
-1.678551428e-11,0,0
-8.960207137e+01,0,0
-1.788505243e+02,0,0
-2.673931359e+02,0,0
-3.548804690e+02,0,0
-4.409672510e+02,0,0
-5.253137367e+02,0,0
-6.075870491e+02,0,0
-6.874624929e+02,0,0
-7.646248364e+02,0,0
-8.387695550e+02,0,0
-9.096040334e+02,0,0
-9.768487202e+02,0,0
-1.040238231e+03,0,0
-1.099522397e+03,0,0
-1.154467251e+03,0,0
-1.204855950e+03,0,0
-1.250489632e+03,0,0
-1.291188204e+03,0,0
-1.326791045e+03,0,0
-1.357157649e+03,0,0
-1.382168171e+03,0,0
-1.401723907e+03,0,0
-1.415747679e+03,0,0
-1.424184141e+03,0,0
-1.427000000e+03,0,0
-1.424184141e+03,0,0
-1.415747679e+03,0,0
-1.401723907e+03,0,0
-1.382168171e+03,0,0
-1.357157649e+03,0,0
-1.326791045e+03,0,0
-1.291188204e+03,0,0
-1.250489632e+03,0,0
-1.204855950e+03,0,0
-1.154467251e+03,0,0
-1.099522397e+03,0,0
-1.040238231e+03,0,0
-9.768487202e+02,0,0
-9.096040334e+02,0,0
-8.387695550e+02,0,0
-7.646248364e+02,0,0
-6.874624929e+02,0,0
-6.075870491e+02,0,0
-5.253137367e+02,0,0
-4.409672510e+02,0,0
-3.548804690e+02,0,0
-2.673931359e+02,0,0
-1.788505243e+02,0,0
-8.960207137e+01,0,0
